$SPEC_ID:
No sample description was entered.
$SPEC_REM:
DET# 1
DETDESC# Easy-MCA 2k Ser:11231610
AP# Maestro Version 7.01
$DATE_MEA:
04/21/2023 13:03:03
$MEAS_TIM:
4460 4612
$DATA:
0 2047
       0
       0
       0
       0
       0
       0
       0
       0
       0
       0
       0
       0
       0
       0
       0
       0
       0
       0
       0
       0
       0
       0
       0
       0
       0
       0
       0
       0
       0
       0
       0
       0
       0
       0
       0
       0
       0
       0
       0
       0
       0
       0
       0
       0
       0
       0
       0
       0
       5
     587
    2333
    2441
    2448
    2400
    2331
    2300
    2281
    2390
    2300
    2196
    2267
    2228
    2281
    2216
    2157
    2188
    2243
    2250
    2248
    2209
    2114
    2155
    2195
    2077
    2192
    2189
    2117
    2129
    2186
    2135
    2139
    2020
    2134
    2160
    2215
    2092
    2112
    2201
    2231
    2111
    2225
    2199
    2140
    2207
    2160
    2199
    2214
    2177
    2186
    2113
    2140
    2235
    2224
    2311
    2338
    2275
    2181
    2313
    2372
    2355
    2418
    2398
    2523
    2537
    2606
    2654
    2746
    2907
    3235
    3425
    3724
    3980
    4332
    4374
    4507
    4479
    4533
    4502
    4579
    4547
    4591
    4643
    4662
    4537
    4584
    4563
    4523
    4598
    4457
    4680
    4499
    4638
    4605
    4518
    4377
    4486
    4555
    4374
    4644
    4315
    4483
    4420
    4411
    4416
    4495
    4433
    4471
    4396
    4368
    4246
    4345
    4341
    4284
    4272
    4337
    4121
    4265
    4328
    4260
    4226
    4185
    4205
    4268
    4112
    4102
    4119
    4146
    4091
    4141
    4194
    4227
    4252
    4078
    4061
    4023
    4030
    4027
    4019
    4052
    4107
    3956
    4057
    4052
    3907
    4046
    3967
    3992
    3930
    3820
    3876
    3869
    4004
    3851
    3897
    3810
    3812
    3700
    3782
    3722
    3831
    3723
    3739
    3899
    3761
    3887
    3790
    3750
    3605
    3665
    3586
    3643
    3580
    3646
    3571
    3637
    3714
    3511
    3572
    3561
    3506
    3610
    3584
    3528
    3562
    3606
    3424
    3413
    3542
    3459
    3432
    3456
    3412
    3429
    3467
    3341
    3338
    3321
    3317
    3494
    3285
    3344
    3371
    3307
    3393
    3282
    3313
    3138
    3243
    3249
    3194
    3085
    3150
    3167
    3298
    3246
    3176
    3147
    3168
    3187
    3204
    3038
    3067
    3196
    3210
    3118
    3083
    3014
    3087
    3048
    3032
    2964
    2957
    3038
    3013
    2943
    2911
    2894
    3044
    3015
    2994
    2890
    2858
    2872
    2806
    2863
    2824
    2853
    2860
    2787
    2933
    2769
    2872
    2852
    2799
    2746
    2607
    2739
    2651
    2782
    2784
    2704
    2759
    2702
    2647
    2802
    2613
    2684
    2520
    2715
    2594
    2521
    2570
    2452
    2649
    2638
    2578
    2567
    2443
    2558
    2565
    2502
    2525
    2462
    2433
    2519
    2525
    2558
    2443
    2506
    2395
    2462
    2459
    2548
    2466
    2472
    2403
    2423
    2407
    2400
    2360
    2396
    2382
    2382
    2493
    2393
    2405
    2366
    2407
    2214
    2420
    2448
    2421
    2398
    2455
    2382
    2485
    2480
    2601
    2550
    2501
    2591
    2594
    2544
    2546
    2511
    2521
    2549
    2444
    2494
    2430
    2420
    2337
    2453
    2320
    2396
    2247
    2373
    2261
    2301
    2331
    2256
    2195
    2270
    2123
    2203
    2103
    2131
    2237
    2023
    2146
    2115
    2088
    1982
    2062
    1993
    1988
    2004
    1898
    1955
    1983
    1860
    1882
    1837
    1899
    1924
    1960
    1846
    1787
    1887
    1875
    1827
    1848
    1867
    1784
    1769
    1836
    1734
    1778
    1751
    1754
    1731
    1892
    1701
    1776
    1722
    1657
    1656
    1708
    1668
    1652
    1717
    1668
    1769
    1631
    1706
    1722
    1649
    1714
    1661
    1689
    1681
    1665
    1668
    1691
    1646
    1610
    1634
    1699
    1608
    1741
    1822
    1690
    1698
    1698
    1701
    1720
    1749
    1787
    1769
    1820
    1800
    1867
    1969
    1890
    1873
    1961
    1990
    2034
    2121
    2146
    2306
    2403
    2518
    2815
    2940
    3148
    3604
    3854
    4040
    4222
    4029
    3750
    3396
    2870
    2459
    2060
    1620
    1410
    1222
    1046
     956
     875
     876
     818
     754
     763
     688
     709
     700
     750
     718
     707
     676
     661
     718
     689
     645
     647
     639
     612
     600
     617
     618
     578
     603
     633
     622
     608
     639
     637
     645
     620
     626
     640
     617
     626
     645
     656
     640
     653
     635
     624
     654
     658
     641
     628
     642
     636
     646
     663
     662
     640
     642
     654
     641
     690
     656
     639
     664
     639
     643
     626
     600
     643
     639
     649
     630
     694
     681
     631
     625
     673
     672
     663
     669
     664
     670
     697
     680
     673
     638
     680
     661
     663
     635
     648
     618
     628
     673
     650
     679
     654
     626
     629
     651
     651
     658
     654
     675
     654
     626
     650
     646
     656
     653
     616
     685
     618
     649
     685
     644
     645
     677
     651
     669
     643
     656
     663
     651
     634
     664
     638
     649
     641
     719
     611
     641
     627
     649
     680
     662
     654
     679
     637
     686
     646
     679
     672
     782
     654
     680
     646
     658
     714
     710
     670
     710
     663
     642
     684
     650
     647
     679
     692
     694
     734
     638
     659
     704
     648
     665
     639
     697
     679
     650
     670
     703
     681
     677
     636
     694
     663
     675
     680
     708
     679
     646
     660
     683
     706
     648
     706
     640
     685
     646
     703
     708
     681
     711
     687
     673
     677
     665
     678
     616
     698
     671
     673
     672
     634
     699
     677
     633
     646
     665
     635
     643
     682
     651
     657
     704
     652
     678
     713
     671
     704
     656
     676
     663
     656
     704
     672
     654
     646
     657
     627
     670
     641
     694
     625
     667
     667
     718
     678
     630
     698
     651
     699
     685
     625
     669
     635
     660
     647
     649
     673
     665
     690
     643
     630
     677
     657
     636
     650
     634
     674
     649
     616
     607
     690
     623
     638
     685
     629
     623
     603
     656
     653
     648
     650
     662
     646
     688
     685
     625
     659
     633
     603
     619
     641
     605
     622
     672
     689
     676
     644
     637
     615
     646
     616
     624
     626
     617
     595
     608
     604
     620
     621
     600
     618
     620
     571
     616
     639
     655
     577
     635
     621
     629
     632
     610
     593
     600
     635
     641
     620
     594
     523
     628
     628
     577
     606
     605
     594
     565
     588
     617
     625
     635
     579
     588
     581
     606
     579
     579
     553
     577
     580
     549
     545
     553
     569
     566
     511
     586
     576
     554
     542
     534
     552
     531
     569
     557
     508
     520
     515
     549
     562
     550
     501
     526
     506
     494
     525
     511
     480
     448
     475
     408
     513
     472
     439
     485
     491
     456
     432
     415
     448
     445
     433
     389
     415
     378
     416
     428
     426
     419
     385
     351
     362
     400
     346
     325
     343
     337
     321
     349
     327
     292
     303
     298
     295
     277
     266
     252
     231
     239
     203
     187
     226
     161
     175
     154
     171
     137
     130
     124
     113
     114
      98
      94
      78
      68
      80
      61
      57
      69
      54
      60
      49
      63
      54
      70
      40
      57
      49
      45
      37
      51
      46
      43
      50
      35
      42
      36
      33
      48
      38
      42
      38
      37
      47
      29
      39
      49
      39
      40
      37
      35
      31
      40
      50
      41
      45
      41
      41
      43
      34
      43
      46
      40
      30
      50
      48
      31
      37
      36
      27
      46
      32
      35
      30
      41
      47
      38
      42
      37
      40
      42
      37
      38
      31
      36
      38
      35
      45
      52
      37
      36
      32
      29
      37
      33
      44
      42
      32
      51
      41
      41
      37
      37
      33
      37
      33
      45
      39
      30
      37
      27
      31
      24
      32
      34
      45
      37
      38
      41
      47
      31
      29
      38
      26
      35
      36
      41
      34
      32
      35
      32
      24
      36
      30
      28
      37
      28
      26
      30
      31
      27
      21
      21
      40
      21
      28
      30
      25
      25
      28
      33
      35
      21
      28
      23
      32
      29
      30
      28
      27
      26
      21
      23
      21
      17
      13
      26
      17
      14
      24
      18
      26
      28
      20
      16
      26
      17
      20
      20
      20
      21
      14
      17
      13
      17
      20
      18
      20
       9
      15
      11
      13
       7
      16
       5
      15
      14
      10
      11
      10
       8
       7
       9
       4
      10
       3
      10
       1
       4
       6
       3
       2
       2
       1
       1
       2
       3
       3
       0
       2
       0
       0
       0
       0
       1
       0
       0
       1
       1
       0
       0
       0
       1
       0
       0
       0
       0
       0
       1
       1
       0
       2
       3
       0
       2
       1
       0
       0
       1
       0
       1
       2
       2
       0
       0
       0
       2
       1
       2
       0
       2
       0
       0
       1
       1
       1
       0
       2
       0
       1
       0
       1
       1
       0
       0
       0
       2
       0
       0
       1
       1
       2
       0
       2
       0
       0
       0
       0
       0
       0
       1
       2
       0
       1
       0
       1
       1
       0
       1
       0
       1
       0
       2
       0
       0
       0
       0
       0
       1
       1
       1
       0
       0
       0
       1
       0
       0
       0
       0
       1
       0
       0
       3
       0
       0
       0
       1
       0
       0
       0
       0
       0
       0
       2
       0
       0
       1
       1
       1
       0
       0
       0
       2
       1
       0
       0
       1
       0
       0
       1
       0
       0
       0
       0
       1
       1
       0
       0
       0
       1
       0
       2
       0
       0
       0
       1
       1
       2
       0
       1
       0
       0
       1
       0
       0
       0
       1
       1
       0
       0
       0
       0
       1
       0
       0
       1
       0
       1
       0
       1
       0
       0
       0
       2
       0
       0
       0
       0
       1
       1
       0
       0
       1
       0
       3
       0
       0
       0
       0
       0
       1
       0
       1
       0
       0
       0
       0
       1
       0
       0
       0
       0
       0
       0
       0
       0
       0
       1
       0
       1
       0
       0
       0
       1
       0
       0
       1
       0
       1
       0
       0
       0
       1
       0
       0
       0
       0
       1
       1
       0
       1
       0
       0
       0
       1
       1
       0
       0
       0
       0
       0
       0
       0
       1
       0
       0
       0
       0
       0
       0
       0
       0
       0
       0
       0
       0
       0
       0
       0
       0
       0
       0
       0
       1
       0
       0
       0
       0
       0
       0
       0
       0
       0
       0
       0
       0
       0
       0
       0
       0
       0
       0
       0
       0
       0
       0
       0
       0
       0
       0
       0
       0
       0
       0
       0
       0
       1
       0
       0
       0
       0
       0
       0
       0
       0
       0
       0
       0
       0
       0
       1
       0
       0
       0
       0
       0
       0
       0
       0
       0
       0
       0
       0
       0
       0
       2
       0
       0
       0
       0
       0
       0
       0
       0
       0
       0
       0
       0
       0
       0
       0
       1
       0
       0
       0
       0
       0
       0
       0
       0
       1
       0
       0
       0
       0
       0
       1
       0
       0
       0
       0
       1
       0
       0
       0
       0
       0
       0
       0
       0
       1
       0
       0
       0
       0
       0
       0
       1
       0
       0
       0
       0
       0
       0
       0
       0
       0
       0
       0
       1
       0
       0
       0
       0
       0
       0
       0
       0
       0
       0
       0
       0
       1
       0
       0
       0
       1
       0
       0
       0
       0
       0
       0
       0
       0
       0
       0
       0
       0
       0
       0
       0
       0
       0
       0
       0
       0
       0
       0
       0
       0
       0
       0
       0
       0
       0
       0
       0
       0
       0
       1
       0
       0
       0
       0
       0
       0
       0
       0
       0
       0
       1
       0
       0
       0
       0
       0
       0
       0
       0
       0
       0
       0
       0
       0
       0
       0
       0
       0
       0
       0
       0
       0
       0
       0
       0
       0
       0
       0
       0
       0
       0
       0
       0
       0
       0
       0
       0
       0
       0
       0
       0
       0
       0
       0
       0
       0
       0
       0
       0
       0
       0
       1
       0
       0
       0
       0
       0
       0
       1
       0
       0
       0
       0
       0
       0
       0
       0
       0
       0
       1
       0
       0
       0
       0
       0
       0
       0
       0
       0
       0
       0
       0
       0
       0
       0
       0
       0
       0
       1
       0
       0
       0
       0
       0
       0
       0
       0
       0
       0
       0
       0
       0
       0
       0
       0
       0
       0
       0
       0
       0
       0
       0
       0
       0
       0
       0
       0
       0
       0
       0
       0
       0
       0
       0
       0
       0
       0
       0
       0
       0
       0
       0
       0
       0
       0
       0
       0
       0
       0
       0
       0
       0
       0
       0
       0
       0
       0
       0
       0
       0
       0
       0
       0
       0
       0
       0
       0
       0
       0
       0
       0
       0
       0
       0
       0
       0
       0
       0
       1
       0
       0
       0
       0
       0
       0
       0
       0
       0
       0
       0
       0
       0
       0
       0
       0
       0
       0
       0
       0
       0
       0
       0
       0
       0
       0
       0
       0
       0
       0
       0
       0
       0
       0
       0
       0
       0
       0
       0
       0
       0
       0
       0
       0
       0
       0
       0
       0
       0
       0
       0
       0
       0
       0
       0
       0
       0
       0
       0
       0
       0
       0
       0
       0
       0
       0
       0
       0
       0
       0
       0
       0
       0
       0
       0
       0
       0
       0
       0
       0
       0
       0
       0
       0
       0
       0
       0
       0
       0
       1
       0
       0
       0
       0
       0
       0
       0
       0
       0
       0
       0
       0
       0
       0
       0
       0
       0
       0
       0
       0
       0
       0
       0
       0
       0
       0
       0
       0
       0
       0
       0
       0
       0
       0
       0
       0
       0
       0
       0
       0
       0
       0
       0
       0
       0
       0
       0
       0
       0
       0
       0
       0
       0
       0
       0
       0
       0
       0
       0
       0
       0
       0
       0
       0
       0
       0
       0
       0
       0
       0
       0
       0
       0
       0
       1
       0
       0
       0
       0
       0
       0
       0
       0
       0
       0
       0
       0
       0
       0
       0
       0
       0
       0
       0
       0
       0
       0
       0
       0
       0
       0
       0
       0
       0
       0
       0
       0
       0
       0
       0
       0
       0
       0
       0
       0
       0
       0
       0
       0
       0
       0
       0
       0
       0
       0
       0
       0
       0
       0
       0
       0
       0
       0
       0
       0
       0
       0
       0
       0
       0
       0
       0
       0
       0
       0
       0
       0
       0
       0
       0
       0
       0
       0
       0
       0
       0
       0
       0
       0
       0
       0
       0
       0
       0
       0
       0
       0
       0
       0
       0
       0
       0
       0
       0
       0
       0
       0
       0
       0
       0
       0
       0
       0
       0
       0
       0
       0
       0
       0
       0
       0
       0
       0
       0
       0
       0
       0
       0
       0
       0
       0
       0
       0
       0
       0
       0
       0
       0
       0
       0
$ROI:
0
$PRESETS:
None
0
0
$ENER_FIT:
0.000000 0.000000
$MCA_CAL:
3
0.000000E+000 0.000000E+000 0.000000E+000 
$SHAPE_CAL:
3
0.000000E+000 0.000000E+000 0.000000E+000
