$SPEC_ID:
No sample description was entered.
$SPEC_REM:
DET# 1
DETDESC# Easy-MCA 2k Ser:11231609
AP# Maestro Version 7.01
$DATE_MEA:
04/21/2023 13:37:14
$MEAS_TIM:
3027 3049
$DATA:
0 2047
       0
       0
       0
       0
       0
       0
       0
       0
       0
       0
       0
       0
       0
       0
       0
       0
       0
       0
       0
       0
       0
       0
       0
       0
       0
       0
       0
       0
       0
       0
       0
       0
       0
       0
       0
       0
       0
       0
       0
       0
       0
       0
       0
       0
       0
       0
       0
       0
       0
       4
    1093
    1651
    1682
    1641
    1608
    1634
    1625
    1631
    1547
    1594
    1619
    1578
    1542
    1599
    1590
    1551
    1491
    1519
    1470
    1530
    1527
    1452
    1533
    1534
    1562
    1503
    1526
    1511
    1511
    1479
    1483
    1401
    1502
    1463
    1470
    1451
    1489
    1412
    1437
    1439
    1533
    1487
    1497
    1467
    1422
    1510
    1452
    1464
    1473
    1490
    1464
    1483
    1591
    1506
    1501
    1538
    1522
    1575
    1451
    1587
    1605
    1498
    1609
    1628
    1631
    1714
    1778
    1759
    1810
    1892
    2114
    2227
    2286
    2521
    2668
    2723
    2950
    3021
    3061
    3114
    3111
    3165
    3172
    3027
    3066
    3040
    3199
    3121
    3111
    3086
    3091
    3127
    3140
    2985
    3077
    3115
    3194
    3011
    3032
    3103
    3060
    3094
    3039
    3028
    3080
    3021
    3050
    3025
    3078
    3004
    3091
    2848
    2953
    2928
    2866
    2893
    2943
    3022
    2897
    2917
    2925
    2905
    2891
    2936
    2977
    2907
    2838
    2928
    2849
    2854
    2923
    2852
    2769
    2786
    2756
    2790
    2785
    2862
    2836
    2701
    2828
    2809
    2600
    2746
    2687
    2739
    2685
    2679
    2702
    2745
    2709
    2659
    2639
    2632
    2730
    2708
    2645
    2665
    2703
    2596
    2611
    2578
    2573
    2625
    2548
    2582
    2633
    2522
    2609
    2667
    2548
    2455
    2572
    2529
    2652
    2500
    2518
    2543
    2503
    2567
    2488
    2533
    2502
    2486
    2449
    2525
    2373
    2362
    2412
    2444
    2382
    2405
    2357
    2324
    2380
    2367
    2384
    2321
    2410
    2342
    2296
    2296
    2253
    2366
    2348
    2266
    2322
    2316
    2269
    2246
    2274
    2249
    2154
    2235
    2242
    2269
    2194
    2267
    2197
    2167
    2123
    2158
    2155
    2188
    2223
    2112
    2057
    2166
    2150
    2107
    2169
    2183
    2197
    2068
    2101
    2097
    2115
    2140
    2112
    2005
    1997
    2035
    2048
    2059
    1989
    1983
    2009
    2024
    1991
    1918
    2002
    1914
    1995
    1951
    1908
    1937
    1919
    1908
    1975
    1924
    1905
    1919
    1861
    1834
    1869
    1823
    1830
    1841
    1904
    1777
    1881
    1829
    1739
    1875
    1819
    1756
    1952
    1850
    1839
    1801
    1809
    1787
    1741
    1748
    1784
    1816
    1784
    1740
    1779
    1774
    1786
    1659
    1679
    1696
    1724
    1655
    1715
    1698
    1712
    1660
    1747
    1634
    1691
    1639
    1762
    1744
    1629
    1610
    1642
    1719
    1679
    1619
    1634
    1659
    1659
    1691
    1671
    1684
    1658
    1688
    1680
    1672
    1784
    1737
    1779
    1756
    1738
    1839
    1805
    1896
    1802
    1798
    1747
    1702
    1758
    1758
    1759
    1724
    1760
    1722
    1717
    1709
    1682
    1621
    1612
    1616
    1555
    1646
    1648
    1563
    1568
    1526
    1571
    1514
    1515
    1489
    1504
    1460
    1468
    1463
    1369
    1344
    1444
    1378
    1332
    1273
    1414
    1334
    1354
    1376
    1324
    1307
    1335
    1319
    1344
    1328
    1288
    1308
    1288
    1284
    1264
    1185
    1242
    1338
    1259
    1236
    1199
    1210
    1220
    1187
    1193
    1158
    1226
    1205
    1136
    1191
    1150
    1189
    1152
    1234
    1159
    1225
    1173
    1171
    1136
    1229
    1182
    1144
    1135
    1131
    1163
    1129
    1190
    1239
    1209
    1212
    1156
    1142
    1151
    1170
    1156
    1141
    1211
    1201
    1150
    1243
    1203
    1166
    1190
    1245
    1294
    1251
    1268
    1244
    1302
    1193
    1343
    1378
    1354
    1439
    1536
    1605
    1849
    1960
    2143
    2442
    2558
    2757
    2878
    2945
    3019
    2990
    2746
    2509
    2228
    1861
    1577
    1255
     990
     888
     705
     579
     545
     551
     449
     438
     503
     456
     448
     474
     457
     439
     441
     429
     461
     458
     420
     434
     461
     460
     420
     456
     479
     433
     443
     423
     459
     468
     458
     456
     417
     435
     445
     423
     438
     463
     418
     467
     440
     433
     450
     414
     480
     465
     471
     461
     423
     436
     430
     467
     416
     423
     430
     474
     445
     460
     439
     411
     468
     425
     428
     422
     430
     446
     477
     414
     445
     466
     466
     429
     473
     463
     475
     483
     445
     491
     446
     432
     459
     424
     442
     442
     467
     491
     433
     455
     463
     464
     425
     455
     467
     504
     502
     425
     496
     478
     428
     458
     447
     462
     425
     446
     465
     451
     442
     446
     476
     462
     436
     487
     481
     475
     450
     472
     423
     485
     454
     436
     478
     447
     450
     461
     431
     448
     446
     457
     461
     390
     467
     446
     466
     431
     465
     389
     476
     444
     442
     427
     430
     501
     444
     447
     449
     426
     457
     467
     457
     487
     500
     436
     446
     451
     498
     424
     468
     481
     407
     455
     452
     463
     417
     428
     459
     502
     473
     419
     496
     462
     447
     467
     479
     443
     412
     442
     458
     526
     460
     468
     442
     441
     429
     407
     478
     455
     493
     479
     472
     480
     484
     442
     448
     473
     446
     452
     456
     473
     439
     487
     428
     490
     481
     470
     470
     453
     467
     450
     474
     554
     431
     487
     420
     466
     460
     448
     480
     480
     455
     466
     436
     487
     442
     470
     479
     459
     468
     436
     463
     466
     467
     465
     444
     460
     463
     454
     483
     443
     472
     440
     441
     487
     459
     484
     489
     458
     448
     452
     462
     426
     436
     443
     457
     454
     479
     468
     451
     443
     458
     419
     413
     407
     438
     443
     406
     439
     465
     430
     412
     450
     499
     454
     508
     401
     458
     458
     426
     457
     480
     456
     439
     439
     425
     452
     412
     441
     468
     435
     448
     450
     417
     453
     445
     434
     461
     446
     452
     439
     479
     456
     411
     425
     407
     438
     419
     444
     423
     442
     422
     424
     418
     411
     448
     414
     413
     452
     428
     451
     465
     428
     421
     462
     426
     423
     431
     457
     460
     421
     439
     417
     459
     466
     479
     426
     400
     422
     421
     401
     401
     417
     435
     416
     396
     419
     385
     417
     422
     404
     398
     400
     373
     394
     411
     375
     410
     404
     427
     378
     390
     401
     392
     381
     368
     353
     361
     352
     357
     364
     379
     404
     363
     343
     369
     355
     359
     350
     381
     360
     369
     333
     362
     344
     310
     349
     350
     310
     354
     272
     342
     321
     329
     328
     289
     295
     276
     288
     283
     283
     266
     261
     314
     264
     258
     260
     253
     232
     224
     219
     200
     209
     192
     197
     204
     141
     177
     177
     154
     140
     157
     150
     121
     125
     107
      85
     101
      87
      90
      79
      67
      73
      59
      56
      47
      47
      38
      38
      42
      35
      34
      29
      31
      20
      30
      30
      40
      23
      24
      33
      33
      32
      30
      40
      21
      34
      30
      34
      17
      33
      29
      34
      30
      30
      24
      38
      32
      24
      36
      28
      40
      28
      26
      29
      34
      27
      29
      37
      26
      32
      40
      43
      30
      31
      28
      37
      33
      43
      35
      28
      32
      35
      24
      26
      24
      27
      32
      35
      27
      29
      29
      23
      33
      22
      23
      27
      25
      20
      28
      27
      30
      21
      31
      31
      24
      29
      36
      30
      29
      25
      21
      26
      34
      30
      20
      30
      21
      19
      17
      37
      35
      25
      31
      28
      25
      26
      22
      25
      25
      31
      25
      26
      24
      23
      24
      23
      25
      28
      33
      27
      22
      26
      29
      25
      18
      26
      20
      13
      21
      14
      24
      19
      23
      23
      15
      32
      34
      18
      19
      17
      19
      29
      14
      25
      15
      18
      15
      23
      18
      24
      15
      24
      14
      17
      14
      19
      13
      24
      13
      17
      18
      21
      17
      16
      25
      15
      18
      14
      24
       6
      11
      15
      12
       6
      12
      11
      13
       8
      13
      14
      16
       8
      10
      14
       5
       7
       6
       3
       5
       6
       4
       4
       7
       6
       7
       7
       6
       2
       3
       3
       2
       1
       1
       0
       1
       1
       2
       0
       0
       0
       0
       2
       0
       1
       1
       1
       0
       1
       0
       1
       1
       1
       1
       1
       2
       0
       2
       0
       0
       2
       0
       3
       0
       0
       1
       0
       0
       1
       1
       0
       1
       0
       0
       0
       0
       1
       2
       2
       0
       0
       0
       0
       0
       0
       1
       0
       0
       0
       0
       0
       0
       1
       0
       1
       0
       1
       0
       1
       0
       0
       0
       0
       2
       0
       1
       0
       0
       0
       0
       2
       0
       0
       0
       0
       0
       0
       0
       0
       0
       0
       2
       1
       1
       0
       1
       0
       2
       3
       1
       1
       1
       1
       0
       1
       0
       0
       1
       0
       2
       1
       0
       0
       1
       0
       0
       0
       1
       0
       1
       0
       0
       1
       2
       0
       0
       0
       0
       1
       0
       1
       1
       1
       1
       0
       0
       0
       0
       0
       0
       0
       0
       0
       0
       0
       1
       0
       2
       0
       0
       0
       0
       0
       0
       0
       1
       0
       0
       0
       0
       0
       0
       0
       0
       0
       0
       0
       1
       0
       0
       0
       1
       0
       0
       0
       0
       0
       0
       0
       0
       0
       0
       0
       0
       0
       0
       0
       0
       0
       0
       1
       0
       1
       1
       0
       0
       0
       0
       1
       0
       0
       1
       0
       0
       0
       0
       0
       0
       0
       1
       0
       0
       0
       0
       0
       0
       1
       0
       0
       0
       0
       0
       2
       0
       0
       0
       0
       0
       0
       0
       0
       0
       0
       0
       0
       0
       0
       0
       0
       0
       0
       0
       1
       0
       0
       0
       0
       0
       0
       0
       1
       0
       1
       0
       0
       0
       0
       0
       0
       0
       0
       0
       0
       0
       0
       1
       1
       1
       0
       0
       0
       0
       0
       0
       0
       0
       0
       0
       0
       0
       0
       0
       1
       0
       0
       0
       0
       0
       0
       0
       0
       0
       0
       0
       0
       0
       0
       0
       0
       0
       0
       0
       0
       0
       0
       0
       0
       0
       0
       1
       0
       0
       0
       0
       0
       0
       1
       0
       0
       0
       0
       0
       0
       1
       0
       0
       0
       0
       0
       0
       0
       0
       1
       0
       0
       0
       0
       0
       1
       0
       0
       0
       0
       0
       0
       0
       0
       0
       0
       0
       0
       0
       0
       0
       0
       0
       0
       0
       0
       0
       1
       0
       0
       0
       0
       0
       1
       0
       0
       0
       0
       0
       0
       1
       0
       0
       0
       0
       1
       0
       0
       0
       0
       0
       0
       0
       0
       0
       0
       0
       0
       0
       0
       0
       0
       0
       0
       0
       0
       0
       0
       0
       0
       0
       0
       0
       1
       0
       0
       0
       0
       0
       1
       0
       0
       0
       0
       0
       0
       0
       0
       0
       0
       0
       0
       0
       0
       0
       0
       0
       0
       0
       0
       1
       0
       0
       0
       0
       0
       0
       0
       0
       0
       0
       0
       1
       0
       0
       0
       0
       0
       0
       0
       0
       0
       0
       0
       0
       0
       0
       0
       0
       0
       0
       0
       0
       1
       0
       0
       0
       0
       0
       0
       0
       0
       0
       0
       0
       0
       0
       0
       0
       0
       0
       0
       0
       0
       0
       0
       0
       0
       0
       0
       0
       0
       0
       0
       0
       0
       0
       0
       0
       0
       0
       0
       0
       0
       0
       0
       0
       0
       0
       0
       0
       0
       0
       0
       0
       0
       0
       0
       0
       0
       0
       0
       0
       0
       0
       0
       0
       0
       0
       0
       0
       0
       0
       0
       0
       0
       0
       0
       0
       0
       0
       0
       0
       0
       0
       0
       0
       0
       0
       0
       0
       0
       0
       0
       0
       0
       0
       0
       0
       0
       0
       0
       0
       1
       0
       0
       0
       0
       0
       0
       0
       0
       0
       0
       0
       0
       0
       0
       0
       0
       0
       0
       0
       0
       0
       0
       0
       0
       0
       0
       0
       0
       0
       0
       0
       0
       0
       0
       0
       0
       0
       0
       0
       0
       0
       0
       0
       0
       0
       0
       0
       0
       1
       0
       0
       0
       0
       0
       0
       0
       0
       0
       0
       0
       0
       0
       0
       0
       0
       0
       0
       0
       0
       0
       0
       0
       0
       0
       0
       0
       0
       0
       0
       0
       0
       0
       0
       0
       0
       0
       0
       0
       0
       0
       0
       0
       0
       0
       0
       0
       0
       0
       0
       0
       0
       0
       0
       0
       0
       0
       0
       0
       0
       0
       0
       0
       0
       0
       0
       0
       0
       0
       0
       0
       0
       0
       0
       0
       0
       0
       0
       0
       0
       0
       0
       0
       0
       0
       0
       0
       0
       0
       0
       0
       0
       0
       0
       0
       0
       0
       0
       0
       0
       0
       0
       0
       0
       0
       0
       0
       0
       0
       0
       0
       0
       0
       0
       0
       0
       0
       0
       0
       0
       0
       0
       0
       0
       0
       0
       0
       0
       0
       0
       0
       0
       0
       0
       0
       0
       0
       0
       0
       0
       0
       0
       0
       0
       0
       0
       0
       0
       0
       0
       0
       0
       0
       0
       0
       0
       0
       0
       0
       0
       0
       0
       0
       0
       0
       0
       0
       0
       0
       0
       0
       0
       0
       0
       0
       0
       0
       0
       0
       0
       0
       0
       0
       0
       0
       0
       0
       0
       0
       0
       0
       0
       0
       0
       0
       0
       0
       0
       0
       0
       0
       0
       0
       0
       0
       0
       0
       0
       0
       0
       0
       0
       0
       0
       0
       0
       0
       0
       0
       0
       0
       0
       0
       0
       0
       0
       0
       0
       0
       0
       0
       0
       0
       0
       0
       0
       0
       0
       0
       0
       0
       0
       0
       0
       0
       0
       0
       0
       0
       0
       0
       0
       0
       0
       0
       0
       0
       0
       0
       0
       0
       0
       0
       0
       0
       0
       0
       0
       0
       0
       0
       0
       0
       0
       0
       0
       0
       0
       0
       0
       0
       0
       0
       0
       0
       0
       0
       0
       0
       0
       0
       0
       0
       0
       0
       0
       0
$ROI:
0
$PRESETS:
None
0
0
$ENER_FIT:
0.000000 2.517201
$MCA_CAL:
3
0.000000E+000 2.517201E+000 0.000000E+000 keV
$SHAPE_CAL:
3
6.809550E+001 0.000000E+000 0.000000E+000
