$SPEC_ID:
No sample description was entered.
$SPEC_REM:
DET# 1
DETDESC# Easy-MCA 2k Ser:11231609
AP# Maestro Version 7.01
$DATE_MEA:
04/21/2023 11:28:24
$MEAS_TIM:
1895 1941
$DATA:
0 2047
       0
       0
       0
       0
       0
       0
       0
       0
       0
       0
       0
       0
       0
       0
       0
       0
       0
       0
       0
       0
       0
       0
       0
       0
       0
       0
       0
       0
       0
       0
       0
       0
       0
       0
       0
       0
       0
       0
       0
       0
       0
       0
       0
       0
       0
       0
       0
       0
       0
      12
    2770
    4119
    3893
    3687
    3548
    3530
    3343
    3348
    3158
    3168
    3114
    3026
    3086
    2944
    2989
    3020
    2962
    2947
    2917
    2916
    2837
    2966
    2778
    2841
    2857
    2781
    2792
    2792
    2776
    2734
    2727
    2738
    2808
    2855
    2766
    2834
    2791
    2854
    2740
    2712
    2829
    2810
    2847
    2772
    2821
    2750
    2776
    2768
    2764
    2841
    2744
    2823
    2792
    2841
    2824
    2770
    2942
    2821
    2869
    2908
    2938
    2969
    3048
    2986
    3089
    3138
    3100
    3382
    3523
    3578
    3852
    4018
    4271
    4738
    4962
    5143
    5342
    5591
    5584
    5642
    5802
    5819
    5922
    5921
    5840
    5876
    5926
    5890
    5864
    5966
    5921
    6022
    5953
    5945
    5816
    5755
    5861
    5812
    5777
    5673
    5762
    5848
    5893
    5639
    5826
    5846
    5693
    5657
    5660
    5682
    5697
    5860
    5737
    5569
    5382
    5716
    5676
    5617
    5574
    5504
    5476
    5647
    5542
    5463
    5520
    5602
    5508
    5436
    5568
    5430
    5418
    5402
    5405
    5417
    5505
    5427
    5310
    5228
    5407
    5350
    5353
    5222
    5330
    5372
    5229
    5410
    5165
    5223
    5326
    5115
    5095
    5074
    5016
    5062
    4945
    5147
    4969
    5107
    5068
    5013
    4976
    4995
    5011
    4895
    5064
    4952
    4932
    4826
    4776
    4970
    4895
    4692
    4901
    4663
    4870
    4898
    4889
    4780
    4693
    4815
    4813
    4662
    4579
    4683
    4718
    4657
    4607
    4661
    4482
    4511
    4560
    4460
    4639
    4603
    4537
    4443
    4412
    4526
    4538
    4431
    4443
    4371
    4490
    4338
    4347
    4425
    4306
    4349
    4262
    4236
    4235
    4194
    4251
    4193
    4266
    4152
    4285
    4294
    4239
    4267
    4047
    4232
    4235
    4079
    4182
    4130
    4059
    4055
    4138
    4198
    3965
    4035
    3941
    4047
    3971
    3920
    3865
    4037
    3922
    3952
    3844
    3883
    3908
    3964
    3729
    3878
    3747
    3813
    3866
    3709
    3707
    3792
    3742
    3871
    3690
    3746
    3756
    3681
    3564
    3610
    3627
    3571
    3742
    3677
    3618
    3606
    3489
    3634
    3635
    3546
    3645
    3478
    3463
    3534
    3426
    3473
    3475
    3437
    3444
    3410
    3519
    3487
    3407
    3428
    3427
    3386
    3337
    3281
    3350
    3412
    3351
    3289
    3321
    3352
    3258
    3265
    3357
    3303
    3268
    3317
    3279
    3260
    3106
    3191
    3230
    3148
    3159
    3130
    3198
    3181
    3180
    3236
    3268
    3129
    3101
    3182
    3118
    3234
    3256
    3268
    3277
    3378
    3397
    3363
    3299
    3425
    3316
    3392
    3407
    3434
    3402
    3367
    3428
    3350
    3418
    3331
    3447
    3289
    3275
    3260
    3301
    3235
    3199
    3150
    3132
    3202
    3154
    3103
    3064
    3135
    3049
    3050
    2964
    2851
    2798
    2897
    2865
    2866
    2848
    2799
    2774
    2757
    2798
    2691
    2714
    2650
    2621
    2635
    2663
    2605
    2651
    2535
    2587
    2537
    2532
    2467
    2517
    2463
    2451
    2426
    2499
    2385
    2483
    2391
    2412
    2381
    2445
    2404
    2384
    2338
    2384
    2369
    2338
    2333
    2258
    2346
    2263
    2301
    2256
    2256
    2378
    2301
    2216
    2265
    2322
    2180
    2293
    2262
    2136
    2284
    2315
    2281
    2295
    2261
    2313
    2164
    2223
    2227
    2280
    2299
    2202
    2265
    2285
    2261
    2368
    2265
    2320
    2309
    2327
    2360
    2271
    2511
    2311
    2441
    2582
    2512
    2608
    2557
    2781
    2893
    3074
    3160
    3510
    3848
    4052
    4369
    4983
    5294
    5317
    5513
    5566
    5169
    5210
    4614
    4132
    3534
    2955
    2615
    2250
    1856
    1661
    1407
    1309
    1220
    1139
    1060
    1052
    1023
     983
    1003
     911
     908
     946
     884
     828
     876
     925
     887
     850
     838
     907
     907
     867
     874
     886
     924
     829
     852
     861
     882
     855
     884
     883
     886
     845
     887
     855
     831
     824
     830
     865
     866
     903
     839
     896
     915
     825
     895
     898
     872
     890
     860
     870
     894
     946
     880
     826
     876
     889
     864
     892
     901
     872
     869
     899
     835
     894
     867
     901
     893
     889
     913
     878
     849
     891
     854
     912
     821
     894
     907
     912
     892
     822
     912
     874
     894
     875
     866
     875
     882
     867
     863
     904
     869
     886
     894
     923
     863
     848
     900
     872
     857
     877
     845
     915
     895
     900
     950
     878
     867
     880
     898
     893
     793
     937
     897
     858
     884
     899
     890
     872
     869
     877
     885
     901
     911
     851
     882
     884
     889
     895
     834
     855
     875
     909
     939
     854
     877
     880
     874
     873
     929
     892
     919
     907
     900
     894
     915
     918
     893
     884
     858
     875
     936
     904
     884
     868
     926
     901
     834
     924
     876
     905
     860
     876
     830
     908
     890
     843
     946
     853
     897
     905
     871
     901
     881
     895
     887
     901
     900
     899
     904
     871
     889
     942
     926
     945
     924
     865
     881
     895
     917
     918
     909
     868
     917
     853
     880
     913
     859
     912
     857
     912
     909
     926
     957
     877
     903
     918
     888
     902
     896
     871
     866
     852
     885
     900
     826
     868
     895
     829
     841
     944
     856
     901
     925
     916
     905
     888
     933
     930
     861
     849
     890
     915
     864
     864
     863
     890
     927
     833
     877
     888
     897
     920
     897
     902
     908
     857
     872
     869
     899
     876
     901
     888
     867
     851
     867
     863
     855
     869
     918
     838
     896
     854
     839
     880
     844
     818
     829
     886
     836
     920
     855
     877
     849
     885
     853
     851
     849
     890
     805
     865
     861
     864
     845
     837
     877
     871
     860
     821
     891
     860
     826
     821
     821
     833
     850
     853
     895
     828
     856
     819
     837
     800
     889
     872
     841
     834
     820
     872
     850
     825
     838
     859
     878
     815
     869
     874
     784
     850
     873
     846
     828
     852
     811
     905
     776
     801
     828
     778
     842
     798
     768
     786
     801
     782
     860
     834
     771
     797
     824
     797
     771
     802
     768
     767
     777
     784
     759
     801
     760
     731
     801
     827
     733
     797
     773
     773
     771
     777
     677
     738
     751
     729
     733
     730
     736
     706
     688
     739
     703
     706
     680
     698
     679
     656
     667
     667
     675
     660
     601
     656
     593
     620
     595
     586
     645
     603
     617
     602
     568
     554
     580
     562
     523
     561
     519
     533
     529
     531
     495
     442
     430
     455
     455
     433
     433
     443
     417
     394
     387
     356
     369
     291
     322
     286
     253
     274
     253
     239
     201
     189
     173
     174
     153
     150
     113
     111
     129
     106
     103
      92
      91
      70
      77
      78
      69
      76
      59
      59
      55
      63
      85
      54
      66
      74
      80
      71
      69
      70
      58
      62
      49
      80
      59
      61
      57
      61
      52
      67
      59
      60
      59
      64
      50
      56
      55
      66
      62
      71
      62
      72
      53
      60
      67
      61
      55
      67
      60
      68
      58
      67
      59
      57
      56
      74
      59
      57
      65
      60
      57
      59
      65
      58
      68
      64
      53
      49
      46
      55
      66
      67
      53
      54
      70
      63
      46
      66
      60
      52
      46
      69
      53
      50
      66
      55
      51
      60
      63
      48
      66
      68
      54
      57
      57
      48
      56
      52
      47
      40
      46
      61
      56
      54
      44
      47
      49
      50
      57
      45
      50
      51
      46
      58
      62
      45
      47
      48
      41
      52
      59
      44
      44
      60
      47
      54
      50
      43
      47
      41
      47
      47
      54
      43
      42
      45
      39
      48
      50
      40
      42
      38
      52
      29
      35
      41
      46
      31
      43
      34
      42
      32
      37
      32
      35
      40
      34
      29
      38
      46
      32
      28
      29
      37
      23
      33
      33
      30
      37
      15
      41
      23
      19
      27
      27
      26
      16
      21
      14
      23
      22
      21
      22
      17
      17
      16
      17
      12
       8
      15
      15
      11
       7
       8
       7
       7
       5
       9
       6
       5
       5
       5
       1
       7
       6
       5
       2
       3
       3
       6
       4
       3
       2
       2
       5
       4
       6
       5
       4
       3
       2
       4
       4
       5
       2
       4
       0
       2
       3
       3
       2
       4
       6
       1
       3
       1
       7
       5
       4
       4
       4
       4
       6
       5
       1
       1
       6
       4
       3
       2
       2
       3
       2
       4
       0
       3
       4
       3
       2
       2
       4
       3
       1
       4
       4
       1
       3
       3
       5
       4
       6
       0
       1
       3
       5
       2
       4
       0
       2
       3
       2
       0
       2
       3
       2
       5
       2
       3
       3
       5
       2
       6
       1
       3
       2
       2
       3
       2
       1
       4
       2
       4
       2
       2
       2
       1
       2
       5
       2
       2
       1
       1
       1
       2
       2
       1
       2
       3
       3
       0
       3
       4
       3
       2
       1
       4
       1
       2
       2
       3
       0
       1
       1
       1
       4
       0
       0
       1
       3
       0
       2
       1
       0
       2
       1
       2
       2
       0
       0
       1
       1
       1
       0
       2
       2
       4
       2
       1
       3
       1
       1
       1
       2
       4
       1
       4
       3
       4
       0
       0
       2
       2
       3
       4
       0
       2
       0
       1
       0
       0
       2
       2
       3
       0
       0
       0
       1
       3
       1
       0
       2
       1
       0
       1
       1
       0
       2
       1
       2
       1
       2
       1
       3
       1
       0
       2
       1
       1
       1
       3
       0
       0
       1
       0
       5
       2
       2
       1
       0
       0
       0
       1
       0
       1
       6
       0
       0
       1
       3
       2
       1
       1
       0
       1
       3
       0
       2
       0
       2
       0
       0
       0
       1
       2
       0
       0
       0
       3
       0
       0
       0
       1
       2
       0
       2
       2
       1
       2
       2
       0
       0
       1
       1
       0
       1
       1
       0
       0
       0
       1
       3
       2
       2
       1
       0
       1
       1
       1
       0
       1
       0
       1
       1
       4
       2
       2
       0
       1
       0
       0
       1
       0
       1
       0
       0
       0
       0
       0
       0
       0
       0
       1
       1
       1
       1
       2
       0
       0
       1
       0
       1
       1
       0
       0
       3
       2
       1
       1
       1
       0
       0
       0
       0
       0
       0
       2
       1
       2
       1
       2
       0
       3
       0
       0
       0
       0
       0
       1
       2
       0
       1
       0
       1
       1
       1
       0
       0
       1
       0
       0
       0
       1
       0
       1
       2
       0
       0
       0
       0
       0
       0
       0
       0
       1
       0
       1
       0
       1
       0
       0
       0
       2
       0
       1
       0
       1
       1
       0
       0
       0
       0
       0
       0
       0
       0
       0
       0
       0
       1
       1
       1
       0
       0
       0
       1
       1
       1
       0
       0
       0
       1
       0
       1
       1
       0
       1
       1
       0
       0
       1
       0
       1
       0
       0
       0
       1
       0
       2
       0
       0
       1
       0
       1
       0
       1
       0
       0
       1
       0
       0
       1
       1
       0
       0
       0
       0
       0
       0
       0
       0
       0
       0
       0
       0
       1
       0
       0
       0
       0
       0
       0
       0
       0
       0
       0
       0
       0
       0
       0
       0
       0
       0
       0
       0
       1
       1
       0
       2
       0
       0
       0
       0
       0
       0
       0
       0
       0
       1
       0
       0
       1
       1
       1
       1
       0
       0
       0
       0
       1
       1
       0
       0
       0
       2
       0
       0
       0
       0
       1
       1
       0
       0
       0
       1
       0
       0
       0
       0
       1
       0
       0
       0
       0
       0
       0
       0
       1
       0
       0
       0
       0
       0
       0
       1
       0
       0
       0
       0
       0
       0
       0
       0
       1
       0
       1
       0
       0
       0
       0
       0
       0
       0
       0
       0
       0
       0
       0
       0
       1
       1
       0
       0
       0
       0
       0
       2
       1
       1
       0
       0
       0
       0
       0
       0
       0
       0
       0
       0
       0
       1
       0
       0
       0
       0
       1
       0
       0
       0
       0
       0
       0
       1
       0
       0
       0
       0
       0
       0
       0
       1
       0
       0
       0
       0
       0
       0
       0
       0
       0
       0
       0
       0
       0
       0
       0
       0
       0
       0
       1
       0
       0
       0
       0
       0
       1
       0
       0
       0
       0
       0
       0
       0
       0
       0
       0
       0
       0
       0
       0
       0
       0
       0
       0
       0
       0
       0
       0
       0
       0
       0
       0
       0
       0
       0
       0
       0
       0
       0
       0
       0
       0
       0
       0
       0
       0
       0
       0
       0
       0
       0
       0
       1
       0
       0
       0
       0
       0
       0
       0
       0
       0
       0
       0
       0
       0
       0
       0
       0
       1
       0
       0
       0
       0
       0
       0
       0
       0
       0
       0
       0
       0
       0
       0
       0
       1
       0
       0
       0
       0
       0
       0
       0
       0
       0
       0
       0
       0
       0
       0
       0
       0
       0
       0
       0
       0
       0
       0
       0
       0
       0
       0
       0
       0
       0
       0
       0
       0
       0
       0
       0
       0
       0
       0
       0
       0
       0
       0
       0
       0
       0
       0
       0
       0
       0
       0
       0
       0
       0
       0
       0
       0
       0
       0
       0
       0
       0
       0
       0
       0
       0
       0
       0
       0
       0
       0
       0
       0
       0
       0
       0
       0
       0
       1
       0
       0
       0
       0
       0
       0
       0
       0
       0
       0
       0
       0
       0
       0
       0
       0
       0
       0
       0
       0
       0
       0
       0
       0
       0
       0
       0
       0
       0
       0
       0
       0
       1
       0
       0
       0
       0
       0
       0
       0
       0
       0
       0
       0
       0
       0
       0
       0
       0
       0
       0
       0
       0
       0
       0
       0
       0
       0
       0
       0
       0
       0
       0
       0
       0
       0
       0
       0
       0
       0
       0
       0
       0
       0
       0
       0
       0
       0
       0
       0
       0
       0
       0
       0
       0
       0
       0
       0
       0
       0
       0
       0
       0
       0
       0
       0
       0
       0
       0
       0
       0
       0
       0
       0
       0
       0
       0
       0
       0
       0
       0
       0
       0
       0
       0
       0
       0
       0
       0
       0
       0
       0
       0
       0
       0
       0
       0
       0
       0
       0
       0
       0
       0
       0
$ROI:
2
193 322
616 636
$PRESETS:
None
0
0
$ENER_FIT:
0.000000 2.517201
$MCA_CAL:
3
0.000000E+000 2.517201E+000 0.000000E+000 keV
$SHAPE_CAL:
3
6.809550E+001 0.000000E+000 0.000000E+000
