$SPEC_ID:
No sample description was entered.
$SPEC_REM:
DET# 1
DETDESC# Easy-MCA 2k Ser:11231610
AP# Maestro Version 7.01
$DATE_MEA:
04/21/2023 12:28:04
$MEAS_TIM:
1847 1942
$DATA:
0 2047
       0
       0
       0
       0
       0
       0
       0
       0
       0
       0
       0
       0
       0
       0
       0
       0
       0
       0
       0
       0
       0
       0
       0
       0
       0
       0
       0
       0
       0
       0
       0
       0
       0
       0
       0
       0
       0
       0
       0
       0
       0
       0
       0
       0
       0
       0
       0
       0
       2
     367
    1510
    1418
    1367
    1405
    1294
    1362
    1313
    1295
    1252
    1268
    1314
    1259
    1329
    1247
    1250
    1230
    1171
    1175
    1217
    1181
    1207
    1257
    1235
    1192
    1246
    1159
    1151
    1198
    1191
    1193
    1182
    1191
    1210
    1155
    1196
    1167
    1154
    1246
    1200
    1187
    1201
    1246
    1231
    1218
    1186
    1163
    1237
    1271
    1231
    1212
    1180
    1246
    1238
    1254
    1251
    1298
    1311
    1297
    1346
    1258
    1333
    1283
    1366
    1421
    1418
    1431
    1419
    1498
    1622
    1904
    1952
    2118
    2231
    2442
    2439
    2399
    2578
    2543
    2485
    2506
    2536
    2642
    2595
    2588
    2579
    2586
    2528
    2599
    2603
    2667
    2498
    2552
    2576
    2586
    2559
    2554
    2526
    2539
    2505
    2628
    2497
    2609
    2545
    2560
    2448
    2671
    2396
    2540
    2576
    2439
    2481
    2492
    2419
    2440
    2442
    2479
    2492
    2315
    2429
    2512
    2414
    2494
    2442
    2355
    2386
    2302
    2450
    2470
    2339
    2453
    2403
    2294
    2411
    2303
    2352
    2347
    2275
    2286
    2270
    2414
    2189
    2309
    2234
    2279
    2205
    2181
    2231
    2199
    2249
    2253
    2261
    2227
    2190
    2177
    2252
    2207
    2126
    2340
    2154
    2190
    2110
    2069
    2238
    2062
    2211
    2181
    2087
    2102
    2022
    2077
    2118
    2075
    2116
    2049
    2041
    2161
    2097
    2072
    2018
    2054
    2039
    2096
    1997
    1994
    1978
    2019
    2062
    2006
    1942
    2002
    1907
    1924
    1935
    1883
    1932
    1901
    1952
    1887
    1988
    1889
    1934
    1865
    1878
    1918
    1902
    1908
    1943
    1831
    1901
    1849
    1847
    1917
    1783
    1748
    1830
    1709
    1801
    1780
    1855
    1808
    1746
    1709
    1721
    1744
    1742
    1707
    1763
    1681
    1762
    1719
    1690
    1787
    1697
    1714
    1688
    1680
    1722
    1673
    1657
    1652
    1660
    1683
    1678
    1653
    1641
    1698
    1604
    1608
    1565
    1590
    1605
    1655
    1582
    1614
    1550
    1590
    1488
    1572
    1603
    1608
    1528
    1541
    1547
    1516
    1593
    1530
    1498
    1577
    1578
    1469
    1529
    1501
    1486
    1479
    1512
    1430
    1437
    1489
    1529
    1498
    1472
    1496
    1412
    1371
    1457
    1463
    1483
    1461
    1424
    1383
    1393
    1475
    1394
    1384
    1356
    1334
    1418
    1303
    1388
    1401
    1388
    1405
    1420
    1352
    1382
    1426
    1344
    1323
    1370
    1371
    1344
    1369
    1372
    1328
    1439
    1380
    1364
    1393
    1443
    1464
    1414
    1452
    1530
    1455
    1489
    1475
    1484
    1419
    1388
    1414
    1420
    1405
    1403
    1410
    1364
    1382
    1353
    1314
    1337
    1306
    1250
    1261
    1321
    1289
    1302
    1216
    1285
    1302
    1239
    1183
    1192
    1159
    1203
    1221
    1172
    1138
    1202
    1147
    1140
    1065
    1109
    1131
    1049
    1136
    1049
    1122
    1029
    1100
    1041
    1089
    1011
    1036
    1106
    1079
    1039
     996
    1058
    1059
     998
    1042
    1034
     993
     998
     972
    1020
    1006
     949
     950
     959
     983
     992
     973
     996
     957
     964
     973
     991
     962
    1038
     909
     923
     966
     960
     976
     973
     948
     943
     971
     943
    1036
    1005
    1011
     938
    1059
    1052
    1000
     974
    1050
    1001
    1053
     965
    1060
    1094
    1052
    1032
    1108
    1036
    1177
    1130
    1154
    1232
    1258
    1352
    1415
    1509
    1592
    1760
    1816
    2100
    2207
    2347
    2374
    2363
    2139
    1940
    1549
    1320
    1146
    1027
     782
     758
     637
     515
     517
     512
     497
     495
     502
     427
     445
     418
     433
     392
     402
     432
     417
     422
     392
     385
     398
     367
     389
     350
     417
     408
     344
     385
     356
     391
     328
     353
     392
     356
     389
     343
     387
     370
     370
     365
     360
     386
     396
     348
     396
     374
     379
     377
     355
     360
     334
     378
     361
     400
     350
     372
     405
     363
     351
     366
     383
     397
     392
     350
     381
     376
     377
     371
     375
     400
     373
     360
     378
     343
     376
     380
     394
     374
     392
     356
     360
     375
     383
     396
     371
     377
     396
     389
     362
     368
     389
     367
     373
     386
     378
     377
     366
     363
     392
     377
     372
     366
     378
     390
     358
     390
     363
     387
     363
     379
     374
     362
     346
     381
     385
     352
     371
     392
     384
     371
     360
     386
     355
     346
     410
     345
     401
     383
     401
     380
     392
     406
     384
     373
     392
     360
     396
     414
     348
     378
     396
     403
     386
     388
     352
     375
     383
     362
     384
     357
     384
     347
     363
     356
     403
     388
     399
     390
     393
     395
     389
     414
     366
     395
     402
     382
     440
     388
     376
     381
     387
     405
     366
     366
     384
     402
     364
     389
     425
     382
     361
     399
     393
     385
     361
     375
     441
     408
     372
     369
     358
     401
     374
     379
     389
     374
     367
     378
     394
     436
     393
     371
     365
     371
     365
     370
     358
     381
     386
     367
     374
     388
     366
     409
     423
     405
     378
     371
     357
     397
     367
     417
     389
     386
     396
     405
     358
     363
     410
     364
     418
     386
     365
     380
     359
     391
     370
     360
     390
     407
     391
     391
     326
     370
     375
     362
     374
     396
     399
     378
     342
     403
     366
     372
     382
     340
     375
     356
     391
     388
     376
     380
     375
     389
     378
     400
     355
     379
     383
     387
     354
     362
     348
     413
     359
     383
     356
     387
     371
     364
     377
     361
     388
     365
     405
     364
     376
     353
     357
     385
     368
     361
     358
     367
     363
     330
     376
     353
     374
     407
     331
     379
     341
     362
     372
     365
     367
     364
     371
     368
     366
     343
     349
     367
     367
     346
     311
     326
     371
     323
     368
     340
     354
     340
     342
     364
     332
     335
     363
     399
     343
     356
     320
     340
     336
     306
     304
     321
     350
     365
     294
     324
     371
     320
     313
     329
     316
     311
     332
     316
     321
     313
     317
     281
     330
     331
     323
     285
     325
     305
     290
     313
     321
     320
     277
     294
     246
     310
     295
     290
     324
     285
     278
     257
     280
     261
     285
     273
     272
     260
     244
     273
     239
     257
     260
     259
     259
     251
     248
     220
     211
     216
     229
     235
     216
     195
     214
     201
     175
     192
     173
     163
     177
     169
     188
     159
     143
     141
     159
     149
     133
     137
     126
     133
     108
     110
      97
      91
      83
      83
      74
      66
      69
      49
      62
      46
      46
      35
      46
      43
      31
      40
      31
      27
      29
      33
      33
      31
      25
      23
      33
      21
      23
      25
      23
      24
      28
      21
      32
      44
      30
      22
      33
      26
      25
      28
      22
      24
      23
      34
      26
      15
      26
      17
      18
      24
      24
      26
      25
      25
      28
      23
      24
      21
      22
      29
      32
      20
      32
      21
      26
      20
      29
      27
      24
      25
      23
      21
      20
      26
      13
      24
      23
      33
      25
      21
      23
      18
      26
      15
      24
      25
      19
      30
      20
      29
      19
      24
      25
      19
      17
      26
      24
      20
      24
      20
      22
      22
      21
      26
      27
      19
      26
      20
      20
      18
      20
      24
      21
      25
      19
      28
      24
      20
      18
      24
      20
      15
      20
      21
      18
      19
      23
      19
      15
      19
      16
      24
       7
      19
      20
      20
      22
      14
      13
      15
      22
      12
      10
      14
      21
      14
      14
      17
      19
      22
      19
      15
      11
      11
      18
      10
      13
      17
      25
      14
      10
      14
      11
      12
       9
      12
      12
      10
      10
      19
      16
      12
       7
      13
      14
      14
       6
      10
      14
      13
      11
       7
       5
      13
      10
       9
      10
      10
      10
       9
       8
       7
       4
       6
       7
       6
       6
       4
       3
       2
       2
       5
       2
       1
       3
       0
       4
       1
       0
       2
       2
       2
       1
       1
       1
       1
       1
       0
       0
       0
       1
       0
       0
       2
       0
       1
       0
       0
       0
       0
       0
       0
       0
       1
       1
       0
       1
       3
       0
       3
       0
       0
       0
       1
       0
       1
       1
       2
       2
       1
       1
       0
       0
       0
       0
       1
       0
       0
       1
       0
       1
       0
       0
       0
       1
       0
       0
       0
       3
       0
       1
       0
       0
       0
       0
       0
       0
       0
       1
       1
       0
       0
       0
       0
       0
       2
       0
       0
       2
       0
       0
       0
       1
       1
       0
       0
       0
       1
       1
       0
       1
       1
       2
       0
       0
       1
       0
       0
       1
       0
       0
       1
       0
       0
       1
       0
       1
       0
       1
       0
       1
       1
       0
       1
       0
       0
       0
       1
       0
       0
       0
       0
       1
       0
       1
       0
       0
       0
       2
       0
       1
       0
       0
       1
       3
       0
       0
       0
       0
       0
       0
       1
       0
       0
       0
       0
       0
       0
       1
       0
       1
       0
       0
       0
       0
       1
       1
       0
       0
       0
       0
       0
       0
       0
       1
       0
       0
       0
       0
       0
       0
       0
       0
       0
       1
       0
       0
       0
       0
       0
       0
       0
       1
       0
       0
       0
       0
       0
       0
       0
       1
       0
       0
       0
       0
       0
       0
       0
       1
       0
       0
       0
       0
       0
       1
       0
       0
       0
       0
       0
       0
       1
       0
       1
       0
       0
       0
       0
       0
       0
       1
       0
       1
       0
       0
       0
       0
       0
       0
       0
       0
       0
       0
       0
       1
       1
       0
       0
       0
       0
       0
       0
       0
       0
       0
       0
       0
       0
       0
       2
       0
       0
       0
       1
       0
       0
       0
       0
       0
       0
       0
       0
       0
       0
       0
       1
       0
       0
       0
       0
       0
       0
       0
       0
       0
       0
       1
       0
       0
       1
       0
       0
       0
       0
       0
       0
       1
       0
       0
       1
       0
       0
       0
       0
       0
       0
       0
       0
       0
       0
       0
       0
       1
       0
       0
       1
       0
       0
       1
       0
       0
       0
       1
       0
       0
       0
       0
       0
       0
       0
       0
       0
       0
       0
       0
       0
       0
       0
       0
       0
       0
       0
       0
       0
       0
       0
       0
       1
       0
       0
       0
       0
       1
       0
       0
       0
       0
       0
       0
       0
       0
       0
       0
       0
       0
       0
       0
       0
       1
       0
       2
       0
       0
       0
       0
       0
       0
       0
       0
       0
       0
       0
       0
       0
       0
       0
       0
       0
       0
       0
       0
       0
       0
       0
       0
       1
       0
       0
       0
       0
       0
       0
       0
       0
       0
       0
       0
       0
       0
       0
       0
       0
       1
       0
       0
       0
       0
       0
       0
       0
       0
       0
       0
       0
       0
       0
       0
       0
       0
       0
       0
       0
       0
       0
       0
       0
       0
       0
       0
       0
       0
       0
       0
       0
       0
       0
       1
       0
       0
       0
       0
       0
       0
       0
       0
       0
       1
       0
       0
       0
       0
       0
       0
       0
       0
       0
       0
       0
       0
       0
       0
       0
       0
       0
       0
       0
       0
       0
       0
       0
       1
       0
       0
       0
       0
       0
       0
       0
       0
       0
       0
       0
       0
       0
       0
       0
       0
       0
       0
       0
       0
       0
       0
       0
       0
       0
       0
       0
       0
       0
       0
       0
       0
       0
       0
       0
       0
       0
       0
       0
       0
       0
       0
       0
       0
       0
       0
       0
       0
       0
       0
       0
       0
       0
       1
       0
       0
       0
       0
       0
       0
       1
       1
       0
       0
       0
       0
       0
       0
       0
       0
       0
       0
       0
       0
       0
       0
       0
       0
       0
       0
       0
       0
       0
       0
       0
       0
       0
       0
       0
       0
       0
       0
       0
       0
       0
       0
       0
       0
       0
       0
       0
       0
       0
       0
       0
       0
       0
       0
       0
       0
       0
       0
       0
       0
       0
       0
       0
       0
       0
       0
       0
       0
       0
       0
       0
       0
       0
       0
       0
       0
       0
       0
       0
       0
       0
       0
       0
       0
       0
       0
       0
       0
       0
       0
       0
       0
       0
       0
       0
       0
       0
       0
       0
       0
       0
       0
       0
       0
       0
       0
       0
       0
       0
       0
       0
       0
       0
       0
       0
       0
       0
       0
       0
       0
       0
       0
       0
       0
       0
       0
       0
       0
       0
       0
       0
       0
       0
       0
       0
       0
       0
       0
       0
       0
       0
       0
       0
       0
       0
       0
       0
       0
       0
       0
       0
       0
       0
       0
       0
       0
       0
       0
       0
       0
       0
       0
       0
       0
       0
       0
       0
       0
       0
       0
       0
       0
       0
       0
       0
       0
       0
       0
       0
       0
       0
       0
       0
       0
       0
       0
       0
       0
       0
       0
       0
       0
       0
       0
       0
       0
       0
       0
       0
       0
       0
       0
       0
       0
       0
       0
       0
       0
       0
       0
       0
       0
       0
       0
       0
       0
       0
       0
       0
       0
       0
       0
       0
       0
       0
       0
       0
       0
       0
       0
       0
       0
       0
       0
       0
       0
       0
       0
       0
       0
       0
       0
       0
       0
       0
       0
       0
       0
       0
       0
       0
       0
       0
       0
       0
       0
       0
       0
       0
       0
       0
       0
       0
       0
       0
       0
       0
       0
       0
       0
       0
       0
       0
       0
       0
       0
       0
       0
       0
       0
       0
       0
       0
       0
       0
       0
       0
       0
       0
       0
       0
       0
       0
       0
       0
       0
       0
       0
       0
       0
       0
       0
       0
       0
       0
       0
       0
       0
       0
       0
       0
       0
       0
       0
       0
       0
       0
       0
       0
       0
       0
       0
       0
       0
       0
       0
       0
       0
       1
       0
       0
       0
       0
       0
       0
       0
       0
       0
       0
       0
       0
       0
       0
       0
       0
       0
       0
       0
       0
       0
       0
       0
       0
       0
       0
       0
       0
       0
       0
       0
       0
       1
       0
       0
       0
       0
       0
       0
       0
       0
       0
       0
       0
       0
       0
       0
       0
       0
       0
       0
       0
       0
       0
       0
       0
       0
       0
       0
       0
       0
       0
       0
       0
       0
       0
       0
       0
       0
$ROI:
1
164 176
$PRESETS:
None
0
0
$ENER_FIT:
0.000000 0.000000
$MCA_CAL:
3
0.000000E+000 0.000000E+000 0.000000E+000 
$SHAPE_CAL:
3
0.000000E+000 0.000000E+000 0.000000E+000
