$SPEC_ID:
No sample description was entered.
$SPEC_REM:
DET# 1
DETDESC# Easy-MCA 2k Ser:11231610
AP# Maestro Version 7.01
$DATE_MEA:
04/21/2023 09:55:58
$MEAS_TIM:
8617 9121
$DATA:
0 2047
       0
       0
       0
       0
       0
       0
       0
       0
       0
       0
       0
       0
       0
       0
       0
       0
       0
       0
       0
       0
       0
       0
       0
       0
       0
       0
       0
       0
       0
       0
       0
       0
       0
       0
       0
       0
       0
       0
       0
       0
       0
       0
       0
       0
       0
       0
       0
       0
      17
    2197
    8254
    7698
    7261
    6973
    6774
    6507
    6419
    6174
    6068
    5890
    6081
    6012
    5954
    5910
    5862
    5863
    5736
    5823
    5747
    5743
    5766
    5853
    5747
    5837
    5726
    5729
    5765
    5607
    5758
    5586
    5601
    5710
    5660
    5660
    5678
    5796
    5789
    5721
    5751
    5760
    5897
    5678
    5700
    5746
    5634
    5773
    5891
    5681
    5781
    5777
    5853
    5807
    5750
    5946
    5971
    6072
    5965
    6095
    6182
    6107
    6105
    6322
    6533
    6460
    6621
    6661
    6977
    7114
    7621
    7903
    8525
    9336
   10134
   10677
   11137
   11476
   11474
   11601
   11870
   11743
   11845
   12051
   12014
   12139
   12118
   12042
   11767
   12006
   12032
   12157
   12151
   12205
   12095
   12233
   12109
   12017
   12010
   11934
   11850
   11977
   12147
   12110
   11782
   11987
   11793
   11588
   11883
   11982
   11748
   11755
   11896
   11749
   11794
   11669
   11322
   11695
   11461
   11687
   11398
   11539
   11556
   11476
   11441
   11295
   11502
   11436
   11234
   11223
   11369
   11183
   11097
   11165
   10887
   11103
   11101
   10921
   11072
   11043
   10726
   10900
   11065
   10842
   10775
   10847
   10676
   10619
   10683
   10660
   10629
   10549
   10534
   10541
   10515
   10534
   10481
   10434
   10516
   10386
   10268
   10260
   10131
   10324
   10280
   10204
    9914
   10056
   10121
    9994
    9901
   10047
    9749
    9766
    9858
    9943
    9615
    9837
    9633
    9715
    9774
    9432
    9721
    9604
    9656
    9558
    9412
    9458
    9397
    9380
    9468
    9292
    9388
    9306
    9205
    9375
    9209
    9338
    9225
    9216
    9244
    9284
    9012
    9002
    8935
    9053
    8808
    8909
    8734
    8844
    8654
    8805
    8766
    8863
    8663
    8490
    8709
    8542
    8525
    8412
    8499
    8543
    8278
    8419
    8561
    8325
    8361
    8308
    8347
    8247
    8238
    8212
    8211
    8031
    8088
    8024
    8153
    8013
    8000
    8136
    7900
    7973
    7993
    7890
    8005
    7831
    7865
    7685
    7764
    7715
    7783
    7623
    7742
    7723
    7610
    7557
    7591
    7516
    7681
    7370
    7603
    7441
    7275
    7433
    7335
    7303
    7220
    7312
    7365
    7074
    7212
    7305
    7147
    7073
    7099
    7113
    6979
    6893
    7009
    6857
    6833
    6858
    6858
    6763
    6845
    6975
    6785
    6626
    6776
    6723
    6813
    6742
    6778
    6689
    6604
    6669
    6660
    6554
    6514
    6661
    6549
    6471
    6520
    6491
    6664
    6407
    6497
    6455
    6487
    6481
    6485
    6426
    6567
    6292
    6459
    6557
    6552
    6487
    6547
    6432
    6614
    6835
    6774
    6860
    6847
    6778
    6722
    6887
    6829
    6929
    6868
    6839
    6831
    6779
    6752
    6546
    6648
    6701
    6629
    6492
    6326
    6497
    6393
    6299
    6268
    6315
    5935
    6142
    6027
    6092
    6085
    5993
    5821
    5895
    5726
    5787
    5638
    5550
    5586
    5565
    5497
    5497
    5357
    5403
    5317
    5357
    5116
    5364
    5287
    5265
    5082
    5147
    5007
    5126
    4980
    5037
    4970
    4990
    4889
    4903
    4917
    4851
    4814
    4763
    4944
    4809
    4776
    4772
    4765
    4724
    4815
    4717
    4717
    4631
    4615
    4655
    4541
    4686
    4609
    4554
    4609
    4614
    4568
    4566
    4578
    4619
    4509
    4625
    4598
    4469
    4533
    4609
    4537
    4558
    4603
    4576
    4527
    4589
    4465
    4790
    4626
    4830
    4784
    4784
    4815
    4777
    4865
    5044
    5012
    5141
    5114
    5177
    5265
    5522
    5530
    5769
    5957
    5976
    6378
    6728
    7260
    7844
    8400
    9110
    9754
   10183
   10427
   10385
   10073
    9273
    8382
    7472
    6441
    5517
    4946
    4123
    3540
    3259
    2937
    2696
    2593
    2453
    2376
    2168
    2170
    2131
    2127
    1995
    2005
    2019
    1942
    1938
    1881
    1876
    1834
    1768
    1792
    1742
    1703
    1715
    1749
    1746
    1650
    1755
    1670
    1821
    1669
    1726
    1795
    1730
    1785
    1700
    1760
    1661
    1768
    1734
    1762
    1814
    1748
    1742
    1715
    1709
    1765
    1746
    1758
    1895
    1773
    1810
    1724
    1762
    1804
    1705
    1744
    1748
    1730
    1768
    1792
    1796
    1782
    1759
    1765
    1783
    1720
    1768
    1742
    1646
    1750
    1764
    1770
    1830
    1789
    1780
    1700
    1799
    1797
    1749
    1753
    1731
    1812
    1801
    1847
    1779
    1763
    1811
    1762
    1806
    1768
    1778
    1826
    1829
    1693
    1777
    1811
    1754
    1775
    1751
    1813
    1775
    1790
    1735
    1724
    1780
    1740
    1771
    1804
    1818
    1755
    1771
    1782
    1746
    1838
    1690
    1780
    1788
    1764
    1749
    1712
    1782
    1810
    1795
    1778
    1770
    1840
    1814
    1760
    1778
    1764
    1818
    1777
    1754
    1843
    1754
    1896
    1836
    1824
    1798
    1854
    1756
    1813
    1772
    1765
    1797
    1795
    1759
    1729
    1860
    1787
    1814
    1779
    1801
    1736
    1773
    1821
    1794
    1813
    1808
    1738
    1852
    1798
    1784
    1803
    1772
    1846
    1750
    1890
    1862
    1856
    1838
    1903
    1824
    1772
    1831
    1911
    1763
    1811
    1761
    1867
    1755
    1832
    1886
    1801
    1884
    1802
    1835
    1869
    1795
    1772
    1816
    1841
    1840
    1847
    1811
    1799
    1847
    1885
    1803
    1815
    1862
    1867
    1878
    1793
    1836
    1809
    1813
    1793
    1873
    1798
    1862
    1794
    1687
    1803
    1850
    1795
    1845
    1880
    1783
    1746
    1927
    1800
    1792
    1789
    1759
    1790
    1828
    1833
    1789
    1781
    1887
    1808
    1791
    1778
    1733
    1836
    1802
    1816
    1761
    1819
    1828
    1778
    1843
    1808
    1804
    1840
    1751
    1804
    1760
    1689
    1786
    1755
    1840
    1813
    1713
    1806
    1859
    1861
    1828
    1750
    1733
    1757
    1807
    1744
    1727
    1834
    1804
    1785
    1757
    1727
    1750
    1782
    1714
    1728
    1819
    1735
    1770
    1746
    1732
    1759
    1729
    1694
    1715
    1677
    1728
    1716
    1740
    1737
    1655
    1745
    1692
    1727
    1754
    1764
    1674
    1734
    1733
    1647
    1661
    1732
    1678
    1779
    1707
    1693
    1679
    1702
    1643
    1776
    1666
    1683
    1720
    1659
    1638
    1689
    1695
    1659
    1615
    1716
    1705
    1649
    1606
    1582
    1639
    1623
    1578
    1648
    1640
    1577
    1603
    1555
    1599
    1631
    1663
    1632
    1545
    1581
    1589
    1690
    1589
    1629
    1488
    1574
    1541
    1552
    1515
    1519
    1527
    1563
    1544
    1552
    1446
    1405
    1500
    1521
    1420
    1511
    1419
    1511
    1510
    1404
    1473
    1399
    1460
    1461
    1423
    1442
    1391
    1397
    1295
    1311
    1320
    1318
    1302
    1264
    1322
    1317
    1264
    1222
    1193
    1194
    1151
    1167
    1195
    1210
    1173
    1169
    1114
    1169
    1079
    1067
    1093
    1108
    1097
    1070
     985
     985
     987
     943
     945
     860
     930
     867
     846
     891
     775
     763
     735
     766
     754
     658
     682
     658
     585
     549
     526
     523
     478
     449
     419
     401
     366
     371
     311
     291
     256
     256
     237
     192
     202
     205
     199
     183
     177
     149
     150
     142
     115
     140
     140
     136
     137
     127
     141
     116
     146
     127
     118
     118
     119
     121
     126
      96
     124
     124
     128
     116
     125
     127
     118
     132
     134
     137
     135
     117
     112
     120
     121
     113
     122
     124
     123
      99
     123
     123
     123
      98
     113
     104
      88
      99
     115
     124
     106
      90
     104
     109
     107
      98
     126
     102
     127
      90
     115
      96
     104
     113
     102
     112
      97
     100
     112
     109
     113
     125
     115
      99
      89
     106
     112
      98
      99
     106
     106
     110
      95
     122
      97
     113
      99
      93
      93
     101
      94
      96
      96
      73
     102
     110
     112
     105
     104
     106
      97
     101
      96
      91
     107
     110
      84
      94
      77
     102
      86
      94
     101
      76
      87
      93
      83
      86
      85
      97
      84
      71
      66
      88
      98
      95
      70
      86
      77
      72
      85
      80
      75
      77
      76
      76
      75
     103
      64
      76
      80
      73
      75
      77
      68
      64
      58
      68
      79
      69
      60
      70
      58
      58
      63
      49
      64
      51
      47
      56
      71
      46
      55
      50
      52
      44
      40
      42
      31
      42
      44
      40
      39
      36
      42
      28
      39
      24
      29
      26
      37
      22
      21
      20
      25
      12
      21
      16
      18
      14
      11
      12
       7
      14
      11
       7
       4
       7
       4
       2
       3
       7
       3
       6
       2
       6
       0
       3
       3
       1
       2
       3
       6
       7
       8
       5
       7
       3
       5
       5
       3
       4
       2
       1
       3
       5
       3
       2
       4
       3
       1
       3
       0
       2
       2
       2
       1
       3
       5
       4
       4
       4
       4
       0
       2
       3
       4
       2
       1
       2
       2
       3
       3
       2
       2
       2
       1
       2
       5
       1
       6
       4
       2
       2
       0
       1
       5
       0
       3
       2
       3
       3
       1
       1
       5
       2
       3
       1
       2
       3
       2
       2
       1
       3
       1
       3
       2
       2
       3
       1
       3
       2
       3
       3
       1
       1
       3
       1
       2
       1
       3
       2
       2
       1
       1
       3
       1
       0
       1
       3
       2
       2
       1
       3
       0
       0
       1
       0
       1
       0
       3
       3
       2
       1
       0
       1
       1
       0
       3
       1
       2
       1
       0
       6
       0
       2
       2
       0
       2
       1
       0
       1
       2
       0
       0
       1
       2
       2
       2
       4
       2
       1
       2
       3
       0
       5
       0
       1
       0
       1
       2
       2
       0
       2
       2
       4
       0
       1
       2
       0
       2
       1
       3
       0
       1
       0
       0
       1
       0
       0
       0
       3
       1
       0
       2
       3
       0
       1
       0
       2
       1
       0
       5
       0
       2
       0
       0
       1
       1
       0
       0
       2
       0
       0
       0
       2
       0
       1
       1
       2
       0
       1
       2
       0
       0
       1
       0
       0
       0
       2
       1
       2
       0
       0
       0
       1
       0
       1
       1
       1
       1
       1
       3
       1
       2
       0
       0
       1
       1
       1
       0
       1
       0
       3
       1
       1
       2
       0
       1
       0
       2
       0
       0
       2
       1
       0
       2
       1
       1
       0
       1
       1
       0
       0
       0
       0
       0
       2
       0
       1
       0
       0
       1
       1
       0
       0
       0
       0
       0
       1
       0
       1
       1
       0
       0
       0
       1
       0
       1
       2
       1
       0
       1
       0
       0
       1
       0
       0
       1
       0
       2
       0
       1
       0
       0
       0
       1
       0
       0
       0
       0
       1
       1
       1
       1
       2
       1
       0
       0
       1
       2
       0
       1
       1
       0
       0
       1
       1
       1
       1
       0
       1
       0
       0
       1
       1
       1
       0
       0
       0
       0
       0
       0
       0
       0
       0
       0
       2
       0
       0
       1
       2
       2
       0
       0
       1
       0
       0
       0
       1
       0
       1
       0
       0
       0
       1
       0
       0
       0
       0
       0
       0
       0
       1
       0
       0
       1
       0
       0
       1
       1
       1
       0
       0
       0
       0
       0
       0
       0
       1
       2
       0
       0
       1
       0
       0
       0
       1
       0
       0
       1
       0
       0
       0
       1
       0
       0
       0
       1
       0
       0
       0
       1
       1
       0
       1
       0
       0
       0
       0
       0
       1
       0
       0
       1
       0
       0
       0
       0
       0
       0
       0
       0
       0
       0
       0
       0
       0
       0
       1
       0
       0
       0
       1
       0
       0
       0
       0
       0
       1
       1
       0
       0
       0
       0
       0
       0
       1
       0
       0
       0
       0
       0
       0
       1
       0
       1
       0
       0
       0
       0
       0
       0
       0
       0
       0
       0
       0
       0
       0
       0
       0
       0
       0
       0
       0
       0
       0
       0
       0
       0
       0
       0
       0
       1
       0
       0
       0
       0
       0
       0
       0
       0
       3
       0
       0
       0
       0
       0
       0
       0
       1
       0
       0
       0
       0
       0
       0
       0
       0
       0
       0
       0
       0
       0
       0
       0
       0
       0
       1
       0
       0
       0
       0
       0
       0
       0
       1
       0
       0
       0
       0
       0
       0
       0
       0
       0
       0
       0
       0
       0
       0
       0
       0
       0
       0
       0
       0
       0
       0
       0
       0
       0
       0
       0
       0
       0
       0
       0
       1
       0
       0
       0
       0
       0
       0
       0
       0
       0
       0
       0
       0
       0
       0
       0
       0
       0
       0
       0
       0
       0
       0
       0
       0
       0
       0
       0
       0
       0
       0
       0
       0
       0
       0
       0
       0
       0
       0
       0
       0
       0
       0
       0
       0
       0
       0
       0
       0
       1
       0
       0
       0
       0
       0
       0
       0
       0
       0
       0
       0
       0
       0
       0
       0
       0
       0
       0
       0
       0
       0
       0
       0
       0
       0
       0
       0
       0
       0
       0
       0
       0
       0
       0
       0
       0
       0
       0
       0
       0
       0
       0
       0
       0
       0
       0
       0
       0
       0
       0
       0
       0
       0
       0
       0
       0
       0
       0
       0
       0
       0
       0
       0
       0
       0
       0
       0
       0
       0
       0
       0
       0
       0
       0
       0
       0
       0
       0
       0
       0
       0
       0
       0
       0
       0
       0
       0
       0
       0
       0
       0
       0
       0
       0
       0
       0
       0
       0
       0
       0
       0
       0
       0
       0
       0
       0
       0
       1
       0
       0
       0
       0
       0
       0
       0
       0
       0
       0
       0
       0
       0
       0
       0
       0
       0
       0
       0
       0
       0
       0
       0
       0
       0
       0
       0
       0
       0
       0
       0
       0
       0
       0
       0
       0
       0
       0
       0
       0
       0
       0
       0
       0
       0
       0
       0
       0
       0
       0
       0
       0
       0
       0
       0
       0
       0
       0
       0
       0
       0
       0
       0
       0
       0
       0
       0
       0
       0
       0
       0
       0
       0
       0
       0
       0
       0
       0
       0
       0
       0
       0
       0
       0
       0
       0
       0
       0
       0
       0
       0
       0
       0
       0
       0
       0
       0
       0
       0
       0
       0
       0
       0
       0
       0
       0
       0
       0
       0
       0
       0
       0
       0
       0
       0
       0
       0
       0
       0
       0
       0
       0
       0
       0
       0
       0
       0
       0
       0
       0
       0
       0
       0
       0
       0
       0
       0
       0
       0
       0
       0
       0
       0
       0
       0
       0
       0
       0
       0
       0
       0
       0
       0
       0
       0
       0
       0
       0
       0
       0
       0
       0
       0
       0
       0
       0
       0
       0
       0
       0
       0
       0
       0
       0
       0
       0
       0
       0
       0
       0
       0
       0
       0
       0
$ROI:
1
164 176
$PRESETS:
None
0
0
$ENER_FIT:
0.000000 0.000000
$MCA_CAL:
3
0.000000E+000 0.000000E+000 0.000000E+000 
$SHAPE_CAL:
3
0.000000E+000 0.000000E+000 0.000000E+000
