$SPEC_ID:
No sample description was entered.
$SPEC_REM:
DET# 1
DETDESC# Easy-MCA 2k Ser:11231609
AP# Maestro Version 7.01
$DATE_MEA:
04/21/2023 08:49:12
$MEAS_TIM:
8341 8545
$DATA:
0 2047
       0
       0
       0
       0
       0
       0
       0
       0
       0
       0
       0
       0
       0
       0
       0
       0
       0
       0
       0
       0
       0
       0
       0
       0
       0
       0
       0
       0
       0
       0
       0
       0
       0
       0
       0
       0
       0
       0
       0
       0
       0
       0
       0
       0
       0
       0
       0
       0
       0
      38
   12233
   17890
   16959
   16311
   15459
   15104
   14737
   14172
   14289
   13779
   13521
   13346
   13213
   13040
   12919
   12985
   12869
   12702
   12801
   12545
   12724
   12549
   12431
   12351
   12523
   12362
   12448
   12412
   12379
   12318
   12146
   12221
   12268
   12119
   12155
   12243
   12296
   12189
   12235
   12165
   12197
   12178
   11997
   12207
   12050
   12188
   12148
   12175
   12323
   12445
   12349
   12586
   12430
   12284
   12569
   12579
   12694
   12831
   12739
   12636
   12896
   13086
   13049
   13231
   13328
   13632
   14012
   14348
   14806
   16111
   16520
   17825
   19222
   20242
   21316
   22592
   23336
   24097
   24898
   25180
   25283
   25787
   25730
   25551
   26042
   25724
   25851
   25901
   26085
   25898
   25960
   25993
   25605
   26243
   25957
   25774
   25929
   25687
   25579
   25603
   25720
   25413
   25459
   25426
   25246
   25489
   25216
   25515
   25446
   25086
   24994
   25045
   24900
   24957
   25034
   24617
   24653
   24520
   24538
   24796
   24376
   24473
   24363
   24562
   24302
   24024
   24000
   24119
   23946
   23978
   23860
   23885
   23725
   23742
   23864
   23577
   23668
   23405
   23390
   23466
   23309
   22869
   23179
   23044
   23100
   23110
   23280
   22890
   22580
   22605
   22667
   22454
   22505
   22345
   22358
   22123
   22192
   22049
   22279
   22059
   22132
   22162
   21999
   21732
   21567
   21780
   21331
   21668
   21282
   21472
   21604
   21149
   21219
   21062
   21182
   21033
   20913
   21065
   20669
   20836
   20604
   20717
   20667
   20600
   20438
   20440
   20132
   20235
   20258
   20366
   19927
   20080
   19877
   19832
   19938
   19955
   19661
   19678
   19592
   19419
   19577
   19490
   19368
   19348
   19089
   19319
   19238
   19024
   18948
   19016
   18974
   18991
   18802
   18830
   18819
   18827
   18580
   18401
   18432
   18385
   18319
   18384
   17956
   17957
   18068
   18081
   17817
   17864
   17962
   17684
   18013
   17488
   17769
   17667
   17413
   17360
   17238
   17375
   17335
   17351
   17490
   17315
   16930
   17036
   16985
   16923
   16874
   16881
   16837
   16809
   16539
   16559
   16477
   16394
   16268
   16361
   16377
   16258
   16215
   16238
   16126
   16020
   16150
   15814
   15721
   15666
   15868
   15800
   15703
   15790
   15674
   15568
   15488
   15394
   15416
   15414
   15119
   15220
   15370
   15032
   15110
   15006
   14961
   15059
   15004
   14819
   14855
   14823
   14745
   14600
   14643
   14671
   14465
   14523
   14423
   14381
   14361
   14694
   14191
   14060
   14602
   14367
   13980
   14211
   14407
   14247
   14348
   13902
   13951
   13962
   14026
   13837
   14086
   14152
   13878
   14128
   14111
   14084
   14354
   14065
   14190
   14228
   14373
   14531
   14513
   14654
   14943
   14790
   15031
   14903
   14913
   14860
   15113
   15229
   14618
   14882
   14741
   14636
   14848
   14347
   14143
   14297
   14136
   13912
   13945
   13771
   13853
   13407
   13419
   13312
   12988
   13152
   13175
   12968
   12856
   12660
   12561
   12548
   12341
   12412
   12141
   12087
   11966
   11932
   11781
   11563
   11624
   11459
   11569
   11494
   11347
   11204
   11188
   11264
   11047
   10872
   11124
   10844
   10986
   10927
   10852
   10514
   10578
   10650
   10739
   10550
   10411
   10312
   10394
   10250
   10231
   10297
   10137
    9999
   10142
   10163
   10192
    9982
   10069
    9958
   10027
    9849
   10082
    9982
    9738
    9851
    9811
    9874
    9846
    9792
    9844
    9659
    9783
    9830
    9957
   10016
    9747
    9657
    9911
    9913
    9863
   10056
    9988
   10075
   10025
   10034
   10215
   10092
   10237
   10146
   10384
   10293
   10471
   10780
   10791
   11013
   11172
   11739
   12008
   12473
   13293
   14227
   15302
   16297
   18135
   19607
   21014
   22275
   23636
   23942
   24255
   23466
   22013
   20534
   18080
   15683
   13780
   11676
    9778
    8487
    7256
    6504
    5771
    5439
    5043
    4748
    4597
    4494
    4297
    4286
    4238
    4215
    3910
    4017
    3966
    3932
    3781
    3786
    3926
    3703
    3818
    3812
    3808
    3829
    3858
    3848
    3830
    3821
    3810
    3738
    3719
    3715
    3747
    3824
    3691
    3813
    3817
    3665
    3721
    3826
    3891
    3796
    3895
    3913
    3857
    3791
    3905
    3715
    3745
    3782
    3814
    3838
    3813
    3702
    3792
    3820
    3773
    3854
    3865
    3856
    3824
    4058
    3880
    3823
    3864
    3769
    3912
    3776
    3892
    3813
    3878
    3871
    3852
    3895
    3793
    4022
    3783
    3817
    3864
    3847
    3924
    3931
    3919
    3825
    3848
    3803
    3898
    3930
    3879
    3908
    3884
    3983
    3794
    3849
    3819
    3944
    3822
    3937
    3912
    3934
    3781
    3954
    3868
    3879
    3916
    3760
    3877
    3928
    3865
    3878
    3824
    3978
    3798
    3765
    3873
    3883
    3910
    3863
    3941
    3864
    3871
    3900
    3897
    3904
    3938
    3897
    3768
    3828
    3917
    3897
    3920
    3898
    3857
    3749
    3818
    3864
    3724
    3909
    3788
    3894
    3834
    4045
    3862
    3953
    3935
    3779
    3931
    3901
    3939
    3797
    3867
    3742
    3858
    3925
    3919
    3932
    3923
    3755
    4006
    3844
    3866
    4022
    3943
    3906
    3847
    3912
    3952
    3895
    3923
    3941
    3867
    3930
    4012
    3863
    3899
    3875
    3941
    3879
    3941
    3957
    3958
    3948
    3920
    3944
    3979
    4038
    3883
    3925
    3945
    3881
    3933
    3773
    3941
    3863
    3932
    3934
    4055
    3952
    3869
    3906
    3937
    3972
    3923
    3954
    3931
    3892
    3878
    3951
    3814
    3916
    3867
    3804
    3967
    4015
    3897
    3969
    3973
    3838
    3966
    3898
    3900
    3984
    3907
    3917
    4002
    3924
    3992
    3947
    3869
    3932
    3755
    3847
    3851
    4015
    3869
    3862
    3953
    3878
    3801
    3815
    3882
    3919
    3885
    3775
    4020
    3912
    3954
    4044
    3921
    3920
    3803
    3954
    3785
    3896
    3810
    3913
    3856
    3961
    3896
    3767
    3865
    3810
    3870
    3772
    3938
    3753
    3833
    3835
    3828
    3828
    3769
    3868
    3804
    3789
    3858
    3887
    3723
    3781
    3913
    3826
    3804
    3704
    3789
    3753
    3733
    3751
    3801
    3716
    3638
    3827
    3868
    3749
    3678
    3804
    3873
    3775
    3635
    3610
    3849
    3703
    3682
    3697
    3731
    3684
    3715
    3724
    3706
    3760
    3672
    3679
    3751
    3607
    3752
    3576
    3653
    3756
    3655
    3586
    3676
    3694
    3617
    3651
    3571
    3675
    3645
    3548
    3449
    3637
    3558
    3787
    3577
    3666
    3586
    3538
    3444
    3553
    3604
    3622
    3589
    3562
    3476
    3532
    3536
    3414
    3410
    3442
    3515
    3381
    3309
    3356
    3405
    3351
    3388
    3480
    3312
    3431
    3250
    3395
    3411
    3231
    3207
    3388
    3236
    3151
    3330
    3217
    3170
    3151
    3227
    3212
    3271
    3059
    3124
    3070
    3062
    2972
    3009
    2970
    2911
    2940
    2889
    2819
    2785
    2703
    2765
    2802
    2758
    2719
    2582
    2645
    2632
    2616
    2505
    2439
    2423
    2397
    2388
    2349
    2236
    2257
    2112
    2235
    2091
    2140
    2088
    1959
    1882
    1893
    1833
    1713
    1695
    1628
    1494
    1493
    1369
    1363
    1322
    1225
    1136
    1141
    1021
     962
     895
     876
     772
     715
     648
     597
     587
     521
     475
     420
     357
     400
     364
     396
     317
     325
     331
     312
     302
     311
     308
     291
     317
     300
     281
     280
     277
     327
     284
     307
     289
     280
     256
     274
     259
     308
     291
     288
     289
     303
     297
     264
     287
     283
     273
     255
     274
     281
     266
     252
     296
     269
     290
     302
     310
     258
     285
     274
     292
     265
     257
     281
     273
     268
     271
     256
     253
     234
     280
     261
     258
     286
     289
     276
     280
     274
     281
     248
     270
     248
     263
     240
     264
     275
     264
     278
     274
     267
     257
     251
     243
     226
     232
     254
     240
     275
     247
     252
     222
     223
     239
     234
     241
     234
     234
     235
     227
     244
     257
     225
     240
     229
     225
     228
     237
     235
     232
     223
     234
     239
     230
     227
     239
     212
     215
     210
     234
     213
     201
     230
     211
     222
     215
     203
     213
     204
     217
     200
     194
     211
     217
     188
     190
     192
     202
     187
     190
     174
     164
     176
     180
     191
     181
     164
     177
     158
     175
     209
     169
     191
     180
     160
     166
     164
     146
     166
     164
     148
     150
     142
     145
     141
     131
     128
     133
     145
     127
     132
     112
      98
     136
      95
     102
      99
      96
     117
     110
     103
      87
      82
      82
      69
      63
      68
      58
      71
      57
      58
      54
      51
      53
      36
      39
      41
      34
      28
      35
      21
      21
      41
      23
      24
      21
      20
      16
      21
      22
      16
      22
      21
      21
      16
      23
      17
      19
      24
      20
      18
      13
      11
      14
      15
      15
      23
      13
      13
      10
      12
      13
      15
      13
      23
      12
      16
      13
      13
      12
      17
      20
       7
      15
      15
      13
      13
      14
      12
      11
      12
       8
      14
      13
      13
      10
      10
      23
      11
      13
      16
       7
      13
      19
      12
       8
      15
       9
       5
      17
      15
       8
      16
      12
      13
      11
      12
      15
      12
      14
      12
      17
      15
       8
      18
      18
      17
      11
      14
      16
       9
       8
       6
       8
      11
       7
       8
       9
       8
       4
      14
       8
       9
      10
      14
       7
       8
      18
      13
      14
       9
      11
       9
      11
       7
       9
      13
       5
       6
       9
      11
      17
      10
      10
      11
       7
       6
      16
       9
       7
      15
       9
       5
       8
       3
      10
      12
      10
      10
       6
       9
       7
      10
       2
       6
       7
       6
       6
       6
      10
       5
       4
       6
       6
      12
       5
      13
       5
       8
       6
       8
       8
       8
       6
       4
       6
       7
      10
       8
       4
       4
       3
      10
       6
       8
       8
       7
       8
       7
       9
       5
       3
       6
      10
       7
       6
       3
       4
       3
       5
       8
       6
       3
       6
       4
       5
       0
       6
       7
       5
       3
       6
       3
       8
       5
       3
       2
       6
       5
       4
       3
       3
       6
       7
       5
       5
       4
       7
       5
       4
       4
       3
       5
       2
       9
       2
       5
      10
       3
       5
       2
       3
       6
       7
       5
       8
       6
       6
       7
       1
       3
       5
       1
       4
       6
       2
       5
       6
       2
       3
       5
       5
       2
       3
       5
       6
       6
       2
       6
       5
       3
       5
       3
       6
       1
       4
       5
       4
       2
       4
       4
       3
       4
       1
       5
       2
       3
       4
       2
       2
       1
       2
       2
       6
       2
       1
       4
       5
       1
       4
       4
       2
       2
       3
       5
       6
       2
       2
       2
       6
       0
       3
       2
       5
       3
       2
       3
       3
       1
       3
       3
       3
       3
       3
       1
       4
       0
       2
       7
       3
       1
       4
       4
       4
       3
       5
       3
       2
       2
       2
       1
       1
       3
       1
       1
       1
       2
       4
       5
       0
       2
       2
       1
       6
       2
       2
       4
       3
       2
       4
       3
       3
       2
       7
       1
       0
       1
       2
       1
       3
       2
       1
       2
       2
       0
       4
       0
       3
       4
       0
       0
       4
       2
       1
       1
       1
       1
       1
       1
       2
       0
       0
       2
       1
       3
       4
       0
       0
       1
       1
       2
       1
       0
       1
       2
       2
       0
       1
       0
       3
       2
       3
       3
       0
       2
       3
       0
       0
       2
       2
       1
       2
       4
       1
       0
       2
       1
       2
       1
       1
       0
       2
       4
       1
       1
       1
       2
       2
       3
       0
       1
       1
       1
       1
       1
       0
       6
       2
       2
       3
       3
       1
       2
       4
       0
       2
       1
       4
       0
       1
       0
       1
       0
       1
       1
       2
       0
       0
       2
       0
       0
       4
       0
       2
       0
       2
       2
       2
       2
       0
       2
       3
       0
       1
       0
       4
       0
       0
       1
       0
       1
       1
       1
       2
       1
       1
       1
       1
       0
       1
       1
       0
       0
       3
       1
       2
       1
       0
       3
       0
       4
       4
       0
       1
       1
       0
       2
       0
       1
       1
       2
       1
       2
       0
       0
       2
       1
       1
       0
       3
       1
       1
       0
       0
       1
       1
       1
       2
       0
       0
       1
       0
       0
       1
       0
       1
       1
       0
       2
       2
       0
       0
       2
       0
       0
       0
       2
       0
       2
       1
       0
       0
       1
       0
       0
       1
       0
       0
       1
       1
       0
       2
       0
       0
       0
       0
       0
       0
       1
       0
       2
       0
       1
       0
       0
       1
       0
       0
       0
       0
       2
       0
       0
       0
       0
       1
       0
       0
       1
       0
       1
       1
       3
       0
       0
       1
       0
       1
       1
       0
       0
       0
       0
       0
       0
       1
       0
       0
       1
       2
       0
       0
       0
       0
       0
       1
       1
       1
       0
       2
       1
       0
       0
       0
       2
       0
       1
       0
       0
       0
       0
       0
       1
       0
       1
       1
       0
       1
       1
       0
       0
       0
       0
       1
       1
       0
       1
       0
       1
       0
       0
       1
       0
       0
       0
       0
       0
       1
       0
       0
       0
       0
       0
       1
       0
       0
       0
       0
       0
       1
       0
       0
       0
       0
       1
       0
       0
       0
       0
       0
       0
       0
       0
       1
       0
       0
       0
       0
       0
       0
       0
       0
       0
       0
       0
       0
       0
       0
       0
       0
       0
       0
       0
       1
       0
       0
       1
       0
       0
       0
       0
       0
       0
       0
       0
       0
       0
       0
       0
       0
       1
       0
       0
       0
       0
       0
       0
       0
       0
       0
       0
       0
       0
       0
       0
       0
       0
       0
       0
       0
       0
       0
       0
       0
       0
       0
       0
       0
       0
       0
       0
       0
       2
       0
       0
       0
       0
       0
       1
       0
       0
       0
       0
       0
       0
       0
       0
       0
       0
       0
       0
       0
       0
       0
       0
       1
       0
       0
       0
       0
       1
       0
       0
       0
       0
       0
       0
       0
       0
       0
       0
       0
       0
       0
       0
       0
       0
       0
       0
       0
       0
       0
       0
       0
       1
       1
       0
       0
       0
       0
       0
       1
       0
       0
       0
       0
       0
       0
       1
       0
       0
       0
       1
       0
       0
       0
       0
       0
       0
       0
       0
       0
       0
       0
       0
       0
       0
       0
       0
       1
       0
       0
       0
       0
       0
       0
       1
       0
       0
       0
       0
       0
       0
       0
       0
       0
       0
       0
       0
       0
       0
       0
       0
       0
       0
       0
       0
       0
       0
       0
       0
       0
       0
       0
       0
       0
       0
       0
       0
       0
       0
       0
       0
       0
       0
       0
       0
       0
       0
       0
       0
       0
       0
       0
       0
       0
       0
       0
       0
       0
       0
       0
       0
       0
       0
       0
       0
       0
       0
$ROI:
2
193 322
616 636
$PRESETS:
None
0
0
$ENER_FIT:
0.000000 2.517201
$MCA_CAL:
3
0.000000E+000 2.517201E+000 0.000000E+000 keV
$SHAPE_CAL:
3
6.809550E+001 0.000000E+000 0.000000E+000
