$SPEC_ID:
No sample description was entered.
$SPEC_REM:
DET# 1
DETDESC# Easy-MCA 2k Ser:11231609
AP# Maestro Version 7.01
$DATE_MEA:
04/21/2023 12:03:24
$MEAS_TIM:
4512 4611
$DATA:
0 2047
       0
       0
       0
       0
       0
       0
       0
       0
       0
       0
       0
       0
       0
       0
       0
       0
       0
       0
       0
       0
       0
       0
       0
       0
       0
       0
       0
       0
       0
       0
       0
       0
       0
       0
       0
       0
       0
       0
       0
       0
       0
       0
       0
       0
       0
       0
       0
       0
       0
      18
    6070
    8818
    8459
    8124
    7837
    7426
    7171
    6960
    6903
    6691
    6567
    6756
    6458
    6388
    6363
    6347
    6264
    6195
    6105
    6270
    6169
    6024
    6122
    6058
    5998
    6093
    6251
    6087
    6112
    5985
    6092
    5983
    6181
    6110
    6045
    6072
    6002
    6129
    5966
    5873
    5802
    5953
    5908
    5965
    6086
    5951
    6043
    5990
    6126
    6087
    6078
    6065
    5983
    6137
    6117
    6065
    6238
    6155
    6280
    6311
    6222
    6271
    6433
    6531
    6665
    6661
    6900
    7090
    7240
    7772
    8245
    8695
    9227
   10225
   10506
   11050
   11631
   11812
   12105
   12422
   12563
   12698
   12538
   12618
   12660
   12450
   12602
   12704
   12695
   12761
   12849
   12800
   12678
   12639
   12798
   12741
   12666
   12426
   12601
   12384
   12620
   12458
   12434
   12471
   12543
   12616
   12441
   12358
   12271
   12313
   12337
   12155
   12181
   12024
   12317
   12137
   12213
   12013
   11812
   12147
   12028
   12025
   11954
   11788
   12053
   11971
   11654
   11802
   11737
   11541
   11462
   11799
   11663
   11930
   11496
   11522
   11638
   11515
   11608
   11349
   11202
   11497
   11451
   11209
   11325
   11173
   11133
   11098
   11269
   11301
   11241
   10965
   10963
   10992
   10855
   10803
   10748
   10740
   10832
   10773
   10886
   10775
   10613
   10620
   10638
   10625
   10715
   10598
   10482
   10226
   10265
   10286
   10312
   10216
   10292
   10324
   10266
   10159
   10126
   10166
   10213
   10138
    9957
   10008
   10052
   10088
    9880
   10041
    9611
    9923
    9743
    9843
    9777
    9705
    9825
    9751
    9835
    9276
    9770
    9548
    9548
    9398
    9492
    9551
    9381
    9459
    9251
    9513
    9344
    9217
    9281
    9219
    9198
    9206
    9092
    9185
    9059
    9180
    9002
    9044
    9034
    8910
    8868
    8979
    8780
    8828
    8778
    8811
    8652
    8568
    8667
    8616
    8591
    8883
    8415
    8533
    8389
    8493
    8331
    8457
    8326
    8271
    8485
    8323
    8299
    8342
    8145
    8200
    8292
    8202
    8254
    8238
    8155
    7968
    8027
    7908
    8012
    8028
    7996
    7804
    7900
    7979
    7728
    7720
    7718
    7868
    7771
    7638
    7685
    7537
    7563
    7669
    7547
    7350
    7433
    7650
    7508
    7537
    7369
    7244
    7126
    7367
    7356
    7359
    7289
    7125
    7223
    7074
    7152
    6999
    6993
    7202
    7028
    6992
    7242
    7127
    7197
    7025
    7087
    7106
    6827
    6883
    6789
    7032
    6763
    6880
    6785
    6926
    6847
    6783
    6912
    6671
    6774
    6816
    6708
    6683
    6834
    6951
    6784
    7003
    6925
    7085
    7071
    7158
    7153
    7253
    7379
    7297
    7231
    7257
    7269
    7358
    7264
    7406
    7146
    7296
    7252
    7056
    6912
    6953
    6959
    6934
    6809
    6840
    6761
    6813
    6624
    6696
    6582
    6427
    6579
    6484
    6334
    6344
    6186
    6237
    6164
    6127
    5937
    5965
    6059
    6028
    5887
    5947
    5731
    5856
    5651
    5560
    5643
    5542
    5557
    5416
    5414
    5506
    5418
    5465
    5503
    5411
    5310
    5288
    5301
    5161
    5171
    5129
    5002
    5248
    5047
    5104
    5148
    5116
    4992
    4857
    4953
    5129
    4973
    4967
    4903
    4912
    4817
    4888
    4940
    4866
    4857
    4787
    4919
    4790
    4797
    4783
    4968
    4786
    4794
    4824
    4866
    4788
    4900
    4730
    4886
    4886
    4784
    4796
    4886
    4787
    4932
    4923
    4871
    5068
    4802
    4902
    5070
    5032
    5130
    5128
    5336
    5293
    5476
    5356
    5598
    5616
    5850
    6056
    6410
    7046
    7431
    8171
    8889
    9651
   10348
   10909
   11571
   11853
   11748
   11307
   10487
    9673
    8732
    7546
    6497
    5591
    4847
    4139
    3493
    3005
    2791
    2497
    2486
    2303
    2179
    2106
    2134
    2033
    2083
    1976
    1972
    1892
    1889
    1993
    1941
    1911
    1849
    1927
    1774
    1857
    1894
    1803
    1788
    1874
    1841
    1936
    1835
    1901
    1831
    1899
    1854
    1836
    1868
    1829
    1849
    1827
    1828
    1856
    1815
    1837
    1883
    1862
    1754
    1924
    1770
    1889
    1801
    1859
    1848
    1894
    1841
    1860
    1913
    1968
    1908
    1938
    1868
    1860
    1953
    1914
    1829
    1821
    1871
    1885
    1841
    1829
    1875
    1824
    1817
    1885
    1829
    1880
    1884
    1884
    1864
    1923
    1857
    1928
    1862
    1953
    1870
    1982
    1890
    1919
    1903
    1869
    1912
    1890
    1907
    1839
    1836
    1930
    1899
    1893
    1857
    1939
    1893
    1908
    1897
    1935
    1929
    1895
    1845
    1875
    1967
    1833
    1895
    1947
    1947
    1877
    1838
    1877
    1867
    1863
    1891
    1895
    1840
    1917
    1810
    1953
    1884
    1881
    1895
    1893
    1962
    1880
    1956
    1867
    1850
    1885
    1977
    1913
    1940
    1872
    1797
    1939
    1859
    1918
    1898
    1876
    1947
    1836
    1891
    1938
    1940
    1923
    1882
    1902
    1961
    1965
    1845
    1841
    1943
    1892
    1954
    1893
    1923
    1910
    1877
    1853
    1897
    1923
    1831
    1946
    1975
    1959
    1925
    1923
    1894
    1889
    1888
    1834
    1897
    1921
    1924
    1930
    1934
    1920
    1930
    1934
    1919
    1912
    1993
    1984
    1892
    1885
    1911
    1922
    2024
    1872
    1970
    1852
    1933
    1926
    1930
    1881
    1916
    1993
    1881
    1900
    1986
    1977
    1947
    1979
    1914
    1933
    1838
    1919
    1823
    1860
    1858
    1929
    1932
    1880
    1877
    1899
    1872
    1938
    1965
    1982
    1918
    1944
    1985
    1906
    1972
    1896
    1856
    1906
    1923
    1872
    1879
    1886
    1946
    1925
    1926
    1939
    1913
    1924
    1867
    1912
    1933
    1862
    1908
    1975
    1865
    1861
    1924
    1935
    1844
    1836
    1884
    1857
    1923
    1886
    1967
    1919
    1846
    1911
    1850
    1888
    1915
    1788
    1900
    1863
    1912
    1833
    1900
    1958
    1985
    1854
    1884
    1895
    1879
    1846
    1881
    1764
    1766
    1895
    1892
    1861
    1849
    1829
    1818
    1854
    1842
    1817
    1879
    1794
    1843
    1807
    1796
    1867
    1846
    1879
    1788
    1765
    1861
    1776
    1866
    1880
    1807
    1839
    1897
    1811
    1852
    1877
    1794
    1773
    1825
    1833
    1820
    1797
    1756
    1714
    1777
    1761
    1749
    1732
    1768
    1828
    1805
    1746
    1743
    1789
    1719
    1696
    1769
    1713
    1703
    1731
    1674
    1774
    1664
    1705
    1782
    1723
    1690
    1704
    1684
    1726
    1722
    1684
    1689
    1673
    1638
    1740
    1626
    1664
    1679
    1762
    1650
    1645
    1728
    1660
    1630
    1660
    1667
    1640
    1552
    1636
    1524
    1537
    1643
    1557
    1537
    1489
    1565
    1494
    1517
    1517
    1540
    1441
    1464
    1485
    1450
    1401
    1418
    1379
    1406
    1342
    1387
    1398
    1295
    1334
    1256
    1289
    1299
    1288
    1221
    1194
    1183
    1249
    1154
    1205
    1155
    1071
    1052
    1099
    1127
    1077
    1070
     990
    1060
     975
     977
     918
     856
     847
     781
     758
     763
     750
     657
     625
     626
     572
     566
     548
     470
     414
     436
     422
     350
     370
     316
     302
     263
     269
     232
     218
     189
     202
     163
     152
     184
     149
     131
     148
     148
     155
     138
     143
     138
     148
     151
     147
     127
     133
     144
     136
     138
     147
     117
     131
     146
     137
     146
     157
     144
     134
     138
     123
     160
     122
     124
     137
     149
     146
     132
     130
     136
     124
     129
     142
     131
     117
     140
     111
     134
     125
     113
     138
     123
     120
     140
     126
     114
     124
     129
     112
     139
     107
     122
     123
     107
     123
     126
     117
     124
     127
     120
     130
     120
     122
     122
     117
     138
     165
     115
     105
     128
     122
     140
     139
     120
     114
     119
     110
     111
     120
     107
     104
     123
     109
     111
     110
      97
     107
      98
     120
      95
     108
     100
     110
     123
     119
     120
      92
      95
     124
      99
     104
     108
     116
     106
      97
     119
     101
     115
     103
     117
     109
      87
     101
     108
     111
     103
     109
      84
      99
     100
      96
      99
     106
      89
      75
     106
      99
     100
      90
      84
     110
      80
      90
      75
      86
      92
      91
      80
      72
      77
      93
      71
      85
      71
      79
      58
      86
      58
      61
      74
      79
      66
      71
      61
      63
      65
      72
      62
      68
      51
      68
      52
      49
      53
      39
      51
      45
      31
      30
      38
      37
      26
      45
      29
      18
      23
      24
      34
      24
      26
      25
      15
      22
      17
      13
      17
      16
      19
      11
      11
       8
       9
      15
       5
       5
       8
       8
       8
       8
       9
       7
       9
       8
       5
       9
      11
      10
       7
       5
       5
       7
       5
      13
       2
       5
       6
      11
       6
       8
       5
      10
       7
       7
       7
       4
      11
       4
       9
       3
       5
       9
       4
       6
       5
       6
       6
       4
       6
       6
       4
       5
      11
       3
       7
       7
       2
       1
       4
       6
       5
       7
       4
       2
       4
       6
       4
       5
       5
      11
       4
       5
       8
       6
       4
       6
       4
       5
       8
       6
      11
       8
       5
       2
       2
       4
       3
       5
       8
       6
       4
       1
       6
       5
       3
       4
       3
       3
       4
       4
       2
       5
       6
       5
       6
       3
       1
       1
       1
       4
       5
       7
       4
       2
       7
       3
       5
       3
       4
       2
       7
       2
      10
       3
       5
       6
       3
       2
       5
       3
       5
       4
       2
       2
       3
       7
       5
       3
       1
       2
       4
       2
       1
       5
       7
       5
       6
       2
       4
       6
       1
       2
       6
       2
       2
       3
       2
       3
       5
       3
       2
       2
       5
       1
       4
       3
       2
       3
       4
       2
       8
       2
       7
       1
       1
       2
       6
       2
       1
       2
       1
       2
       3
       1
       4
       3
       2
       5
       1
       5
       1
       5
       1
       3
       2
       3
       2
       2
       2
       2
       3
       2
       2
       0
       2
       2
       1
       3
       2
       1
       4
       2
       2
       2
       3
       1
       2
       1
       0
       1
       1
       1
       1
       3
       4
       1
       1
       4
       3
       1
       2
       2
       1
       2
       2
       5
       0
       6
       1
       1
       1
       1
       0
       1
       0
       3
       2
       3
       0
       3
       2
       2
       2
       2
       3
       2
       2
       0
       1
       2
       0
       1
       4
       1
       0
       2
       1
       2
       1
       1
       2
       2
       0
       2
       0
       2
       2
       2
       3
       0
       1
       2
       1
       1
       0
       1
       2
       0
       2
       0
       1
       2
       0
       0
       1
       0
       1
       2
       1
       0
       0
       1
       1
       0
       1
       1
       0
       1
       1
       3
       3
       3
       0
       1
       1
       1
       1
       1
       0
       1
       3
       1
       1
       1
       1
       0
       1
       0
       1
       1
       1
       1
       2
       1
       0
       0
       2
       0
       0
       0
       0
       2
       0
       0
       0
       1
       0
       2
       0
       1
       1
       1
       0
       0
       2
       1
       0
       0
       0
       3
       1
       1
       1
       0
       1
       1
       0
       1
       1
       0
       1
       0
       0
       1
       0
       4
       2
       2
       1
       0
       1
       0
       1
       0
       0
       2
       0
       1
       0
       4
       1
       2
       1
       1
       0
       0
       0
       0
       1
       2
       0
       3
       0
       0
       1
       1
       1
       0
       2
       0
       2
       0
       1
       0
       0
       0
       1
       0
       0
       2
       0
       1
       3
       1
       1
       0
       0
       1
       3
       1
       0
       0
       2
       0
       2
       0
       0
       0
       2
       1
       0
       0
       0
       4
       0
       1
       0
       0
       0
       0
       0
       1
       0
       0
       0
       0
       0
       1
       0
       1
       0
       1
       0
       0
       1
       0
       1
       1
       0
       0
       0
       0
       1
       0
       2
       0
       1
       2
       0
       1
       2
       0
       0
       1
       1
       2
       1
       0
       0
       0
       0
       0
       1
       0
       1
       0
       0
       0
       0
       1
       0
       0
       0
       0
       1
       0
       0
       0
       0
       0
       0
       1
       2
       1
       0
       0
       1
       1
       1
       0
       0
       2
       0
       0
       0
       0
       0
       0
       0
       0
       0
       0
       0
       0
       0
       1
       0
       0
       1
       0
       0
       0
       2
       0
       1
       0
       0
       0
       0
       0
       0
       0
       0
       1
       0
       1
       0
       0
       0
       0
       0
       0
       1
       0
       0
       0
       0
       0
       0
       1
       1
       0
       2
       0
       0
       0
       1
       1
       0
       0
       0
       0
       0
       0
       0
       0
       1
       0
       0
       1
       0
       0
       0
       0
       0
       0
       0
       0
       0
       0
       0
       0
       0
       1
       0
       0
       1
       0
       0
       0
       1
       0
       1
       1
       0
       0
       0
       0
       2
       0
       0
       0
       0
       0
       0
       0
       0
       0
       0
       0
       0
       0
       0
       0
       0
       0
       0
       0
       0
       0
       0
       0
       0
       0
       1
       0
       0
       0
       0
       0
       0
       0
       1
       0
       0
       0
       1
       0
       0
       0
       0
       1
       0
       0
       1
       0
       0
       0
       0
       0
       0
       0
       0
       0
       0
       0
       0
       0
       0
       0
       0
       0
       0
       0
       0
       0
       0
       0
       0
       1
       0
       0
       0
       0
       0
       0
       0
       0
       0
       0
       0
       0
       0
       0
       1
       0
       0
       0
       1
       0
       0
       0
       0
       0
       1
       0
       0
       0
       0
       0
       0
       1
       0
       2
       0
       0
       0
       0
       0
       0
       0
       0
       0
       0
       0
       0
       0
       0
       0
       0
       0
       0
       0
       0
       0
       0
       0
       0
       0
       0
       0
       0
       0
       0
       0
       0
       0
       0
       1
       0
       0
       0
       0
       0
       0
       0
       0
       0
       0
       0
       0
       0
       0
       0
       0
       0
       0
       0
       0
       0
       0
       0
       0
       0
       0
       0
       0
       0
       0
       0
       0
       0
       0
       0
       0
       0
       0
       0
       0
       0
       0
       1
       0
       0
       1
       0
       0
       0
       0
       0
       0
       0
       0
       0
       0
       0
       0
       0
       0
       0
       0
       0
       0
       0
       0
       0
       0
       0
       0
       0
       0
       0
       0
       0
       1
       0
       0
       0
       0
       0
       0
       0
       0
       1
       0
       0
       0
       0
       0
       1
       0
       0
       0
       1
       0
       0
       0
       0
       0
       0
       0
       0
       0
       0
       0
       1
       0
       0
       0
       0
       0
       0
       0
       0
       0
       0
       0
       0
       0
       0
       0
       0
       0
       0
       0
       0
       0
       0
       0
       0
       0
       0
       0
       0
       0
       0
       0
       0
       0
       0
       0
       0
       0
       0
       0
       0
$ROI:
0
$PRESETS:
None
0
0
$ENER_FIT:
0.000000 2.517201
$MCA_CAL:
3
0.000000E+000 2.517201E+000 0.000000E+000 keV
$SHAPE_CAL:
3
6.809550E+001 0.000000E+000 0.000000E+000
